1243.2056 0.0025 0.0025 1 13 0 14 79ToOl.57
1241.4231 0.0025 0.0025 1 14 0 15 79ToOl.58
1239.6290 0.0025 0.0025 1 15 0 16 79ToOl.59
1237.8273 0.0025 0.0025 1 16 0 17 79ToOl.60
1234.1832 0.0025 0.0025 1 18 0 19 79ToOl.61
1232.3528 0.0025 0.0025 1 19 0 20 79ToOl.62
1217.2592 0.0025 0.0025 1 27 0 28 79ToOl.63
1215.3245 0.0025 0.0025 1 28 0 29 79ToOl.64
1203.4817 0.0025 0.0025 1 34 0 35 79ToOl.65
291485.935000 0.030000 0.030000 0 6 0 5 99AhWi.69
582767.500000 0.069999 0.069999 0 12 0 11 99AhWi.70
631280.360000 0.120001 0.120001 0 13 0 12 99AhWi.71
922065.565000 0.030000 0.030000 0 19 0 18 99AhWi.72
970472.470000 0.049999 0.049999 0 20 0 19 99AhWi.73
1018860.405000 0.049999 0.049999 0 21 0 20 99AhWi.74
1067228.500000 0.080000 0.080000 0 22 0 21 99AhWi.75
289382.425000 0.030000 0.030000 1 6 1 5 99AhWi.76
915403.465000 0.049999 0.049999 1 19 1 18 99AhWi.77
963459.465000 0.099999 0.099999 1 20 1 19 99AhWi.78
1011496.695000 0.080000 0.080000 1 21 1 20 99AhWi.79
1059514.030000 0.099999 0.099999 1 22 1 21 99AhWi.80
908738.935000 0.069999 0.069999 2 19 2 18 99AhWi.81
956444.090000 0.099999 0.099999 2 20 2 19 99AhWi.82
1004130.300000 0.049999 0.049999 2 21 2 20 99AhWi.83
1051796.315000 0.200001 0.200001 2 22 2 21 99AhWi.84
1265.323210 0.000240 0.000240 1 0 0 1 87BuLoHaHo.106
1268.552160 0.000240 0.000240 1 1 0 0 87BuLoHaHo.107
1263.690690 0.000240 0.000240 1 1 0 2 87BuLoHaHo.108
1270.149610 0.000240 0.000240 1 2 0 1 87BuLoHaHo.109
1262.046310 0.000240 0.000240 1 2 0 3 87BuLoHaHo.110
1271.735370 0.000240 0.000240 1 3 0 2 87BuLoHaHo.111
1260.391240 0.000240 0.000240 1 3 0 4 87BuLoHaHo.112
1273.309400 0.000240 0.000240 1 4 0 3 87BuLoHaHo.113
1258.723860 0.000240 0.000240 1 4 0 5 87BuLoHaHo.114
1274.870840 0.000240 0.000240 1 5 0 4 87BuLoHaHo.115
1257.045400 0.000240 0.000240 1 5 0 6 87BuLoHaHo.116
1276.420710 0.000240 0.000240 1 6 0 5 87BuLoHaHo.117
1255.354900 0.000240 0.000240 1 6 0 7 87BuLoHaHo.118
1277.958920 0.000240 0.000240 1 7 0 6 87BuLoHaHo.119
1253.653310 0.000240 0.000240 1 7 0 8 87BuLoHaHo.120
1279.485350 0.000240 0.000240 1 8 0 7 87BuLoHaHo.121
1251.940830 0.000240 0.000240 1 8 0 9 87BuLoHaHo.122
1280.999680 0.000240 0.000240 1 9 0 8 87BuLoHaHo.123
1250.215860 0.000240 0.000240 1 9 0 10 87BuLoHaHo.124
1282.502100 0.000240 0.000240 1 10 0 9 87BuLoHaHo.125
1248.480190 0.000240 0.000240 1 10 0 11 87BuLoHaHo.126
1283.992260 0.000240 0.000240 1 11 0 10 87BuLoHaHo.127
1246.732820 0.000240 0.000240 1 11 0 12 87BuLoHaHo.128
1285.470210 0.000240 0.000240 1 12 0 11 87BuLoHaHo.129
1244.974090 0.000240 0.000240 1 12 0 13 87BuLoHaHo.130
1286.936410 0.000240 0.000240 1 13 0 12 87BuLoHaHo.131
1243.204420 0.000240 0.000240 1 13 0 14 87BuLoHaHo.132
1288.390840 0.000240 0.000240 1 14 0 13 87BuLoHaHo.133
1241.423220 0.000240 0.000240 1 14 0 15 87BuLoHaHo.134
1289.832530 0.000240 0.000240 1 15 0 14 87BuLoHaHo.135
1239.630780 0.000240 0.000240 1 15 0 16 87BuLoHaHo.136
1291.262680 0.000240 0.000240 1 16 0 15 87BuLoHaHo.137
1237.827240 0.000240 0.000240 1 16 0 17 87BuLoHaHo.138
1292.679950 0.000240 0.000240 1 17 0 16 87BuLoHaHo.139
1236.012650 0.000240 0.000240 1 17 0 18 87BuLoHaHo.140
1294.085200 0.000240 0.000240 1 18 0 17 87BuLoHaHo.141
1234.186980 0.000240 0.000240 1 18 0 19 87BuLoHaHo.142
1295.477530 0.000240 0.000240 1 19 0 18 87BuLoHaHo.143
1232.350260 0.000240 0.000240 1 19 0 20 87BuLoHaHo.144
1296.859240 0.000240 0.000240 1 20 0 19 87BuLoHaHo.145
1230.502610 0.000240 0.000240 1 20 0 21 87BuLoHaHo.146
1298.227940 0.000240 0.000240 1 21 0 20 87BuLoHaHo.147
1228.642880 0.000240 0.000240 1 21 0 22 87BuLoHaHo.148
1299.583490 0.000240 0.000240 1 22 0 21 87BuLoHaHo.149
1226.773000 0.000240 0.000240 1 22 0 23 87BuLoHaHo.150
1224.892200 0.000240 0.000240 1 23 0 24 87BuLoHaHo.151
1302.258520 0.000240 0.000240 1 24 0 23 87BuLoHaHo.152
1223.000250 0.000240 0.000240 1 24 0 25 87BuLoHaHo.153
1303.577660 0.000240 0.000240 1 25 0 24 87BuLoHaHo.154
1221.097170 0.000240 0.000240 1 25 0 26 87BuLoHaHo.155
1304.883610 0.000240 0.000240 1 26 0 25 87BuLoHaHo.156
1306.177250 0.000240 0.000240 1 27 0 26 87BuLoHaHo.157
1307.458820 0.000240 0.000240 1 28 0 27 87BuLoHaHo.158
1308.726990 0.000240 0.000240 1 29 0 28 87BuLoHaHo.159
