47508.819000 0.050000 0.050000 0 1 0 0 81BoDeDe.1
95016.722000 0.050000 0.050000 0 2 0 1 81BoDeDe.2
142522.785000 0.050000 0.050000 0 3 0 2 81BoDeDe.3
190026.190000 0.100000 0.100000 0 4 0 3 81BoDeDe.4
237526.008000 0.100000 0.100000 0 5 0 4 81BoDeDe.5
285021.055000 0.049999 0.049999 0 6 0 5 99AhWi.127
617285.160000 0.099999 0.099999 0 13 0 12 99AhWi.128
901636.275000 0.060000 0.060000 0 19 0 18 99AhWi.129
948973.240000 0.080000 0.080000 0 20 0 19 99AhWi.130
996292.305000 0.049999 0.049999 0 21 0 20 99AhWi.131
1043592.255000 0.500000 0.500000 0 22 0 21 99AhWi.132
1036133.250000 0.500000 0.500000 1 22 1 21 99AhWi.133
