45463.424000 0.020000 0.020000 0 1 0 0 81BoDeDe.6
90926.026000 0.030000 0.030000 0 2 0 1 81BoDeDe.7
136387.028000 0.050000 0.050000 0 3 0 2 81BoDeDe.8
181845.501000 0.050000 0.050000 0 4 0 3 81BoDeDe.9
590723.060000 0.030000 0.030000 0 13 0 12 99AhWi.170
636111.130000 0.030000 0.030000 0 14 0 13 99AhWi.171
908167.305000 0.049999 0.049999 0 20 0 19 99AhWi.172
953456.985000 0.080000 0.080000 0 21 0 20 99AhWi.173
1043983.155000 0.200001 0.200001 0 23 0 22 99AhWi.174
586598.370000 0.099999 0.099999 1 13 1 12 99AhWi.175
631669.140000 0.200001 0.200001 1 14 1 13 99AhWi.176
901820.760000 0.080000 0.080000 1 20 1 19 99AhWi.177
946793.430000 0.500000 0.500000 1 21 1 20 99AhWi.178
991747.875000 0.099999 0.099999 1 22 1 21 99AhWi.179
1036684.350000 0.900001 0.900001 1 23 1 22 99AhWi.180
270847.890000 0.500000 0.500000 2 6 2 5 99AhWi.181
582471.950000 0.099999 0.099999 2 13 2 12 99AhWi.182
