38798.720000 0.100000 0.100000 1 0 1 1 0 0 0 0 61BaDiLaWr.1
38798.670000 0.200000 0.200000 1 0 1 1 0 0 0 0 61BaDiLaWr.2
38853.570000 0.100000 0.100000 6 0 1 1 0 0 0 0 61BaDiLaWr.3
38801.650000 0.200000 0.200000 1 0 1 2 0 0 0 0 61BaDiLaWr.4
38801.740000 0.200000 0.200000 1 0 1 2 0 0 0 0 61BaDiLaWr.5
38855.920000 0.200000 0.200000 6 0 1 2 0 0 0 0 61BaDiLaWr.6
38801.740000 0.100000 0.100000 1 0 1 2 0 0 0 0 61BaDiLaWr.7
38806.350000 0.100000 0.100000 1 0 1 3 0 0 0 0 61BaDiLaWr.8
38806.390000 0.100000 0.100000 1 0 1 3 0 0 0 0 61BaDiLaWr.9
38859.400000 0.200000 0.200000 6 0 1 3 0 0 0 0 61BaDiLaWr.10
38859.460000 0.100000 0.100000 6 0 2 3 0 0 0 0 61BaDiLaWr.11
38806.370000 0.100000 0.100000 1 0 1 3 0 0 0 0 61BaDiLaWr.12
38812.550000 0.100000 0.100000 1 0 1 4 0 0 0 0 61BaDiLaWr.13
38812.580000 0.200000 0.200000 1 0 1 4 0 0 0 0 61BaDiLaWr.14
38864.100000 0.200000 0.200000 6 0 1 4 0 0 0 0 61BaDiLaWr.15
38864.130000 0.100000 0.100000 6 0 2 4 0 0 0 0 61BaDiLaWr.16
38812.580000 0.100000 0.100000 1 0 1 4 0 0 0 0 61BaDiLaWr.17
38820.300000 0.100000 0.100000 1 0 1 5 0 0 0 0 61BaDiLaWr.18
38820.260000 0.100000 0.100000 1 0 1 5 0 0 0 0 61BaDiLaWr.19
38869.910000 0.100000 0.100000 6 0 1 5 0 0 0 0 61BaDiLaWr.20
38870.000000 0.100000 0.100000 6 0 2 5 0 0 0 0 61BaDiLaWr.21
38820.240000 0.200000 0.200000 1 0 1 5 0 0 0 0 61BaDiLaWr.22
38829.480000 0.100000 0.100000 1 0 1 6 0 0 0 0 61BaDiLaWr.23
38829.520000 0.100000 0.100000 1 0 1 6 0 0 0 0 61BaDiLaWr.24
38877.080000 0.100000 0.100000 6 0 1 6 0 0 0 0 61BaDiLaWr.25
38877.020000 0.100000 0.100000 6 0 2 6 0 0 0 0 61BaDiLaWr.26
38829.530000 0.100000 0.100000 1 0 1 6 0 0 0 0 61BaDiLaWr.27
38886.430000 0.100000 0.100000 6 0 3 6 0 0 0 0 61BaDiLaWr.28
38870.890000 0.100000 0.100000 6 0 4 6 0 0 0 0 61BaDiLaWr.29
38840.320000 0.100000 0.100000 1 0 1 7 0 0 0 0 61BaDiLaWr.30
38840.300000 0.100000 0.100000 1 0 1 7 0 0 0 0 61BaDiLaWr.31
38885.320000 0.100000 0.100000 6 0 1 7 0 0 0 0 61BaDiLaWr.32
38885.260000 0.100000 0.100000 6 0 2 7 0 0 0 0 61BaDiLaWr.33
38840.250000 0.100000 0.100000 1 0 1 7 0 0 0 0 61BaDiLaWr.34
38895.750000 0.100000 0.100000 6 0 3 7 0 0 0 0 61BaDiLaWr.35
38878.130000 0.100000 0.100000 6 0 4 7 0 0 0 0 61BaDiLaWr.36
38852.600000 0.100000 0.100000 1 0 1 8 0 0 0 0 61BaDiLaWr.37
38852.640000 0.100000 0.100000 1 0 1 8 0 0 0 0 61BaDiLaWr.38
38894.720000 0.100000 0.100000 6 0 1 8 0 0 0 0 61BaDiLaWr.39
38894.750000 0.100000 0.100000 6 0 2 8 0 0 0 0 61BaDiLaWr.40
38852.590000 0.200000 0.200000 1 0 1 8 0 0 0 0 61BaDiLaWr.41
38906.340000 0.100000 0.100000 6 0 3 8 0 0 0 0 61BaDiLaWr.42
38886.340000 0.100000 0.100000 6 0 4 8 0 0 0 0 61BaDiLaWr.43
38866.440000 0.100000 0.100000 1 0 1 9 0 0 0 0 61BaDiLaWr.44
38866.500000 0.100000 0.100000 1 0 1 9 0 0 0 0 61BaDiLaWr.45
38905.380000 0.100000 0.100000 6 0 1 9 0 0 0 0 61BaDiLaWr.46
38905.370000 0.100000 0.100000 6 0 2 9 0 0 0 0 61BaDiLaWr.47
38866.440000 0.100000 0.100000 1 0 1 9 0 0 0 0 61BaDiLaWr.48
38918.070000 0.100000 0.100000 6 0 3 9 0 0 0 0 61BaDiLaWr.49
38895.820000 0.100000 0.100000 6 0 4 9 0 0 0 0 61BaDiLaWr.50
38881.840000 0.100000 0.100000 1 0 1 10 0 0 0 0 61BaDiLaWr.51
38881.860000 0.100000 0.100000 1 0 1 10 0 0 0 0 61BaDiLaWr.52
38917.190000 0.100000 0.100000 6 0 1 10 0 0 0 0 61BaDiLaWr.53
38917.130000 0.200000 0.200000 6 0 2 10 0 0 0 0 61BaDiLaWr.54
38881.790000 0.200000 0.200000 1 0 1 10 0 0 0 0 61BaDiLaWr.55
38931.050000 0.100000 0.100000 6 0 3 10 0 0 0 0 61BaDiLaWr.56
38906.270000 0.200000 0.200000 6 0 4 10 0 0 0 0 61BaDiLaWr.57
38898.730000 0.100000 0.100000 1 0 1 11 0 0 0 0 61BaDiLaWr.58
38898.810000 0.100000 0.100000 1 0 1 11 0 0 0 0 61BaDiLaWr.59
38930.200000 0.100000 0.100000 6 0 1 11 0 0 0 0 61BaDiLaWr.60
38930.170000 0.100000 0.100000 6 0 2 11 0 0 0 0 61BaDiLaWr.61
38898.600000 0.200000 0.200000 1 0 1 11 0 0 0 0 61BaDiLaWr.62
38945.140000 0.100000 0.100000 6 0 3 11 0 0 0 0 61BaDiLaWr.63
38918.320000 0.100000 0.100000 6 0 4 11 0 0 0 0 61BaDiLaWr.64
38917.130000 0.200000 0.200000 1 0 1 12 0 0 0 0 61BaDiLaWr.65
38917.220000 0.100000 0.100000 1 0 1 12 0 0 0 0 61BaDiLaWr.66
38944.400000 0.100000 0.100000 6 0 1 12 0 0 0 0 61BaDiLaWr.67
38944.400000 0.200000 0.200000 6 0 2 12 0 0 0 0 61BaDiLaWr.68
38916.850000 0.100000 0.100000 1 0 1 12 0 0 0 0 61BaDiLaWr.69
38960.480000 0.100000 0.100000 6 0 3 12 0 0 0 0 61BaDiLaWr.70
38931.410000 0.100000 0.100000 6 0 4 12 0 0 0 0 61BaDiLaWr.71
38937.150000 0.200000 0.200000 1 0 1 13 0 0 0 0 61BaDiLaWr.72
38937.050000 0.100000 0.100000 1 0 1 13 0 0 0 0 61BaDiLaWr.73
38959.810000 0.200000 0.200000 6 0 1 13 0 0 0 0 61BaDiLaWr.74
38959.640000 0.100000 0.100000 6 0 2 13 0 0 0 0 61BaDiLaWr.75
38936.190000 0.100000 0.100000 1 0 1 13 0 0 0 0 61BaDiLaWr.76
38976.770000 0.100000 0.100000 6 0 3 13 0 0 0 0 61BaDiLaWr.77
38946.650000 0.200000 0.200000 6 0 4 13 0 0 0 0 61BaDiLaWr.78
38958.390000 0.200000 0.200000 1 0 1 14 0 0 0 0 61BaDiLaWr.79
38958.340000 0.100000 0.100000 1 0 1 14 0 0 0 0 61BaDiLaWr.80
38976.770000 0.200000 0.200000 6 0 1 14 0 0 0 0 61BaDiLaWr.81
38976.720000 0.100000 0.100000 6 0 2 14 0 0 0 0 61BaDiLaWr.82
38955.910000 0.100000 0.100000 1 0 1 14 0 0 0 0 61BaDiLaWr.83
38994.670000 0.100000 0.100000 6 0 3 14 0 0 0 0 61BaDiLaWr.84
38963.840000 0.100000 0.100000 6 0 4 14 0 0 0 0 61BaDiLaWr.85
38980.830000 0.200000 0.200000 1 0 1 15 0 0 0 0 61BaDiLaWr.86
38980.820000 0.100000 0.100000 1 0 1 15 0 0 0 0 61BaDiLaWr.87
38995.050000 0.100000 0.100000 6 0 1 15 0 0 0 0 61BaDiLaWr.88
38995.080000 0.100000 0.100000 6 0 2 15 0 0 0 0 61BaDiLaWr.89
38974.780000 0.100000 0.100000 1 0 1 15 0 0 0 0 61BaDiLaWr.90
39013.460000 0.100000 0.100000 6 0 3 15 0 0 0 0 61BaDiLaWr.91
38984.800000 0.100000 0.100000 6 0 4 15 0 0 0 0 61BaDiLaWr.92
39003.960000 0.100000 0.100000 1 0 1 16 0 0 0 0 61BaDiLaWr.93
39004.020000 0.200000 0.200000 1 0 1 16 0 0 0 0 61BaDiLaWr.94
39015.400000 0.100000 0.100000 6 0 1 16 0 0 0 0 61BaDiLaWr.95
39015.430000 0.100000 0.100000 6 0 2 16 0 0 0 0 61BaDiLaWr.96
38993.240000 0.200000 0.200000 1 0 1 16 0 0 0 0 61BaDiLaWr.97
39033.340000 0.200000 0.200000 6 0 3 16 0 0 0 0 61BaDiLaWr.98
39008.640000 0.200000 0.200000 6 0 4 16 0 0 0 0 61BaDiLaWr.99
39027.120000 0.200000 0.200000 1 0 1 17 0 0 0 0 61BaDiLaWr.100
39027.090000 0.100000 0.100000 1 0 1 17 0 0 0 0 61BaDiLaWr.101
39038.570000 0.200000 0.200000 6 0 1 17 0 0 0 0 61BaDiLaWr.102
39038.620000 0.100000 0.100000 6 0 2 17 0 0 0 0 61BaDiLaWr.103
39012.230000 0.200000 0.200000 1 0 1 17 0 0 0 0 61BaDiLaWr.104
39054.920000 0.100000 0.100000 6 0 3 17 0 0 0 0 61BaDiLaWr.105
39034.250000 0.100000 0.100000 6 0 4 17 0 0 0 0 61BaDiLaWr.106
39049.930000 0.200000 0.200000 1 0 1 18 0 0 0 0 61BaDiLaWr.107
39049.840000 0.100000 0.100000 1 0 1 18 0 0 0 0 61BaDiLaWr.108
39064.800000 0.100000 0.100000 6 0 1 18 0 0 0 0 61BaDiLaWr.109
39064.760000 0.200000 0.200000 6 0 2 18 0 0 0 0 61BaDiLaWr.110
39032.230000 0.100000 0.100000 1 0 1 18 0 0 0 0 61BaDiLaWr.111
39077.270000 0.200000 0.200000 6 0 3 18 0 0 0 0 61BaDiLaWr.112
39061.930000 0.100000 0.100000 6 0 4 18 0 0 0 0 61BaDiLaWr.113
39073.060000 0.200000 0.200000 1 0 1 19 0 0 0 0 61BaDiLaWr.114
39072.940000 0.200000 0.200000 1 0 1 19 0 0 0 0 61BaDiLaWr.115
39093.430000 0.100000 0.100000 6 0 1 19 0 0 0 0 61BaDiLaWr.116
39093.420000 0.100000 0.100000 6 0 2 19 0 0 0 0 61BaDiLaWr.117
39053.480000 0.100000 0.100000 1 0 1 19 0 0 0 0 61BaDiLaWr.118
39101.120000 0.100000 0.100000 6 0 3 19 0 0 0 0 61BaDiLaWr.119
39090.660000 0.200000 0.200000 6 0 4 19 0 0 0 0 61BaDiLaWr.120
39096.790000 0.200000 0.200000 1 0 1 20 0 0 0 0 61BaDiLaWr.121
39096.750000 0.100000 0.100000 1 0 1 20 0 0 0 0 61BaDiLaWr.122
39123.990000 0.100000 0.100000 6 0 1 20 0 0 0 0 61BaDiLaWr.123
39123.960000 0.100000 0.100000 6 0 2 20 0 0 0 0 61BaDiLaWr.124
39127.560000 0.100000 0.100000 6 0 3 20 0 0 0 0 61BaDiLaWr.125
39119.900000 0.100000 0.100000 6 0 4 20 0 0 0 0 61BaDiLaWr.126
39121.360000 0.100000 0.100000 1 0 1 21 0 0 0 0 61BaDiLaWr.127
39121.580000 0.100000 0.100000 1 0 1 21 0 0 0 0 61BaDiLaWr.128
39156.250000 0.100000 0.100000 6 0 1 21 0 0 0 0 61BaDiLaWr.129
39156.280000 0.100000 0.100000 6 0 2 21 0 0 0 0 61BaDiLaWr.130
39157.600000 0.100000 0.100000 6 0 3 21 0 0 0 0 61BaDiLaWr.131
39148.330000 0.200000 0.200000 6 0 4 21 0 0 0 0 61BaDiLaWr.132
39147.610000 0.200000 0.200000 1 0 1 22 0 0 0 0 61BaDiLaWr.133
39190.180000 0.100000 0.100000 6 0 1 22 0 0 0 0 61BaDiLaWr.134
39190.190000 0.200000 0.200000 6 0 2 22 0 0 0 0 61BaDiLaWr.135
39190.810000 0.100000 0.100000 6 0 3 22 0 0 0 0 61BaDiLaWr.136
39176.050000 0.100000 0.100000 6 0 4 22 0 0 0 0 61BaDiLaWr.137
39174.380000 0.100000 0.100000 1 0 1 23 0 0 0 0 61BaDiLaWr.138
39174.540000 0.100000 0.100000 1 0 1 23 0 0 0 0 61BaDiLaWr.139
39225.660000 0.100000 0.100000 6 0 1 23 0 0 0 0 61BaDiLaWr.140
39225.740000 0.100000 0.100000 6 0 2 23 0 0 0 0 61BaDiLaWr.141
39226.070000 0.100000 0.100000 6 0 3 23 0 0 0 0 61BaDiLaWr.142
39204.730000 0.200000 0.200000 6 0 4 23 0 0 0 0 61BaDiLaWr.143
39202.670000 0.100000 0.100000 1 0 1 24 0 0 0 0 61BaDiLaWr.144
39262.810000 0.100000 0.100000 6 0 1 24 0 0 0 0 61BaDiLaWr.145
39262.840000 0.100000 0.100000 6 0 2 24 0 0 0 0 61BaDiLaWr.146
39263.030000 0.100000 0.100000 6 0 3 24 0 0 0 0 61BaDiLaWr.147
39233.990000 0.100000 0.100000 6 0 4 24 0 0 0 0 61BaDiLaWr.148
39301.470000 0.100000 0.100000 6 0 1 25 0 0 0 0 61BaDiLaWr.149
39301.500000 0.100000 0.100000 6 0 2 25 0 0 0 0 61BaDiLaWr.150
39301.660000 0.100000 0.100000 6 0 3 25 0 0 0 0 61BaDiLaWr.151
39264.580000 0.100000 0.100000 6 0 4 25 0 0 0 0 61BaDiLaWr.152
39341.700000 0.200000 0.200000 6 0 1 26 0 0 0 0 61BaDiLaWr.153
39341.740000 0.100000 0.100000 6 0 2 26 0 0 0 0 61BaDiLaWr.154
39341.860000 0.100000 0.100000 6 0 3 26 0 0 0 0 61BaDiLaWr.155
39383.510000 0.100000 0.100000 6 0 1 27 0 0 0 0 61BaDiLaWr.156
39383.530000 0.100000 0.100000 6 0 2 27 0 0 0 0 61BaDiLaWr.157
39383.600000 0.100000 0.100000 6 0 3 27 0 0 0 0 61BaDiLaWr.158
39426.670000 0.100000 0.100000 6 0 1 28 0 0 0 0 61BaDiLaWr.159
39426.860000 0.100000 0.100000 6 0 2 28 0 0 0 0 61BaDiLaWr.160
39426.910000 0.100000 0.100000 6 0 3 28 0 0 0 0 61BaDiLaWr.161
39471.790000 0.100000 0.100000 6 0 1 29 0 0 0 0 61BaDiLaWr.162
39471.780000 0.100000 0.100000 6 0 2 29 0 0 0 0 61BaDiLaWr.163
39471.880000 0.100000 0.100000 6 0 3 29 0 0 0 0 61BaDiLaWr.164
39518.120000 0.100000 0.100000 6 0 1 30 0 0 0 0 61BaDiLaWr.165
39518.110000 0.100000 0.100000 6 0 2 30 0 0 0 0 61BaDiLaWr.166
39518.060000 0.200000 0.200000 6 0 3 30 0 0 0 0 61BaDiLaWr.167
39566.350000 0.100000 0.100000 6 0 1 31 0 0 0 0 61BaDiLaWr.168
39566.140000 0.100000 0.100000 6 0 2 31 0 0 0 0 61BaDiLaWr.169
39566.190000 0.100000 0.100000 6 0 3 31 0 0 0 0 61BaDiLaWr.170
39615.670000 0.100000 0.100000 6 0 2 32 0 0 0 0 61BaDiLaWr.171
39615.810000 0.200000 0.200000 6 0 3 32 0 0 0 0 61BaDiLaWr.172
39666.690000 0.100000 0.100000 6 0 2 33 0 0 0 0 61BaDiLaWr.173
39666.690000 0.100000 0.100000 6 0 3 33 0 0 0 0 61BaDiLaWr.174
39719.220000 0.100000 0.100000 6 0 2 34 0 0 0 0 61BaDiLaWr.175
39719.230000 0.100000 0.100000 6 0 3 34 0 0 0 0 61BaDiLaWr.176
39773.230000 0.100000 0.100000 6 0 2 35 0 0 0 0 61BaDiLaWr.177
39773.290000 0.100000 0.100000 6 0 3 35 0 0 0 0 61BaDiLaWr.178
39828.770000 0.100000 0.100000 6 0 2 36 0 0 0 0 61BaDiLaWr.179
39828.880000 0.100000 0.100000 6 0 3 36 0 0 0 0 61BaDiLaWr.180
39885.850000 0.100000 0.100000 6 0 2 37 0 0 0 0 61BaDiLaWr.181
39885.720000 0.200000 0.200000 6 0 3 37 0 0 0 0 61BaDiLaWr.182
39944.310000 0.100000 0.100000 6 0 2 38 0 0 0 0 61BaDiLaWr.183
39844.520000 0.100000 0.100000 6 0 3 38 0 0 0 0 61BaDiLaWr.184
39904.200000 0.100000 0.100000 6 0 2 39 0 0 0 0 61BaDiLaWr.185
39804.570000 0.100000 0.100000 6 0 3 39 0 0 0 0 61BaDiLaWr.186
39965.350000 0.100000 0.100000 6 0 2 40 0 0 0 0 61BaDiLaWr.187
39866.250000 0.100000 0.100000 6 0 3 40 0 0 0 0 61BaDiLaWr.188
40127.810000 0.100000 0.100000 6 0 2 41 0 0 0 0 61BaDiLaWr.189
40128.900000 0.100000 0.100000 6 0 3 41 0 0 0 0 61BaDiLaWr.190
40190.060000 0.100000 0.100000 6 0 2 42 0 0 0 0 61BaDiLaWr.191
40193.230000 0.200000 0.200000 6 0 3 42 0 0 0 0 61BaDiLaWr.192
40883.110000 0.100000 0.100000 1 2 1 1 0 0 0 0 61BaDiLaWr.193
40883.000000 0.100000 0.100000 1 2 1 1 0 0 0 0 61BaDiLaWr.194
40886.060000 0.100000 0.100000 1 2 1 2 0 0 0 0 61BaDiLaWr.195
40886.020000 0.100000 0.100000 1 2 1 2 0 0 0 0 61BaDiLaWr.196
40890.620000 0.100000 0.100000 1 2 1 3 0 0 0 0 61BaDiLaWr.197
40890.660000 0.100000 0.100000 1 2 1 3 0 0 0 0 61BaDiLaWr.198
40896.650000 0.100000 0.100000 1 2 1 4 0 0 0 0 61BaDiLaWr.199
40896.520000 0.100000 0.100000 1 2 1 4 0 0 0 0 61BaDiLaWr.200
40896.780000 0.200000 0.200000 1 2 1 4 0 0 0 0 61BaDiLaWr.201
40904.290000 0.100000 0.100000 1 2 1 5 0 0 0 0 61BaDiLaWr.202
40904.210000 0.100000 0.100000 1 2 1 5 0 0 0 0 61BaDiLaWr.203
40904.240000 0.100000 0.100000 1 2 1 5 0 0 0 0 61BaDiLaWr.204
40913.380000 0.100000 0.100000 1 2 1 6 0 0 0 0 61BaDiLaWr.205
40913.370000 0.100000 0.100000 1 2 1 6 0 0 0 0 61BaDiLaWr.206
40913.420000 0.100000 0.100000 1 2 1 6 0 0 0 0 61BaDiLaWr.207
40923.980000 0.100000 0.100000 1 2 1 7 0 0 0 0 61BaDiLaWr.208
40924.010000 0.100000 0.100000 1 2 1 7 0 0 0 0 61BaDiLaWr.209
40924.090000 0.100000 0.100000 1 2 1 7 0 0 0 0 61BaDiLaWr.210
40936.160000 0.100000 0.100000 1 2 1 8 0 0 0 0 61BaDiLaWr.211
40936.180000 0.200000 0.200000 1 2 1 8 0 0 0 0 61BaDiLaWr.212
40936.290000 0.100000 0.100000 1 2 1 8 0 0 0 0 61BaDiLaWr.213
40949.830000 0.100000 0.100000 1 2 1 9 0 0 0 0 61BaDiLaWr.214
40949.860000 0.100000 0.100000 1 2 1 9 0 0 0 0 61BaDiLaWr.215
40949.870000 0.100000 0.100000 1 2 1 9 0 0 0 0 61BaDiLaWr.216
40964.960000 0.100000 0.100000 1 2 1 10 0 0 0 0 61BaDiLaWr.217
40964.920000 0.100000 0.100000 1 2 1 10 0 0 0 0 61BaDiLaWr.218
40965.010000 0.100000 0.100000 1 2 1 10 0 0 0 0 61BaDiLaWr.219
40981.620000 0.100000 0.100000 1 2 1 11 0 0 0 0 61BaDiLaWr.220
40981.660000 0.200000 0.200000 1 2 1 11 0 0 0 0 61BaDiLaWr.221
40981.650000 0.100000 0.100000 1 2 1 11 0 0 0 0 61BaDiLaWr.222
40999.790000 0.200000 0.200000 1 2 1 12 0 0 0 0 61BaDiLaWr.223
40999.860000 0.200000 0.200000 1 2 1 12 0 0 0 0 61BaDiLaWr.224
40999.840000 0.100000 0.100000 1 2 1 12 0 0 0 0 61BaDiLaWr.225
41019.440000 0.100000 0.100000 1 2 1 13 0 0 0 0 61BaDiLaWr.226
41019.460000 0.200000 0.200000 1 2 1 13 0 0 0 0 61BaDiLaWr.227
41019.510000 0.100000 0.100000 1 2 1 13 0 0 0 0 61BaDiLaWr.228
41040.500000 0.100000 0.100000 1 2 1 14 0 0 0 0 61BaDiLaWr.229
41040.700000 0.200000 0.200000 1 2 1 14 0 0 0 0 61BaDiLaWr.230
41040.670000 0.100000 0.100000 1 2 1 14 0 0 0 0 61BaDiLaWr.231
41063.070000 0.100000 0.100000 1 2 1 15 0 0 0 0 61BaDiLaWr.232
41063.330000 0.200000 0.200000 1 2 1 15 0 0 0 0 61BaDiLaWr.233
41063.270000 0.100000 0.100000 1 2 1 15 0 0 0 0 61BaDiLaWr.234
41086.980000 0.100000 0.100000 1 2 1 16 0 0 0 0 61BaDiLaWr.235
41087.410000 0.200000 0.200000 1 2 1 16 0 0 0 0 61BaDiLaWr.236
41087.300000 0.100000 0.100000 1 2 1 16 0 0 0 0 61BaDiLaWr.237
41112.110000 0.100000 0.100000 1 2 1 17 0 0 0 0 61BaDiLaWr.238
41112.580000 0.200000 0.200000 1 2 1 17 0 0 0 0 61BaDiLaWr.239
41112.580000 0.100000 0.100000 1 2 1 17 0 0 0 0 61BaDiLaWr.240
41138.340000 0.100000 0.100000 1 2 1 18 0 0 0 0 61BaDiLaWr.241
41139.250000 0.100000 0.100000 1 2 1 18 0 0 0 0 61BaDiLaWr.242
41139.330000 0.100000 0.100000 1 2 1 18 0 0 0 0 61BaDiLaWr.243
41165.200000 0.100000 0.100000 1 2 1 19 0 0 0 0 61BaDiLaWr.244
41167.160000 0.200000 0.200000 1 2 1 19 0 0 0 0 61BaDiLaWr.245
41166.940000 0.100000 0.100000 1 2 1 19 0 0 0 0 61BaDiLaWr.246
41192.130000 0.100000 0.100000 1 2 1 20 0 0 0 0 61BaDiLaWr.247
41195.740000 0.100000 0.100000 1 2 1 20 0 0 0 0 61BaDiLaWr.248
41195.840000 0.100000 0.100000 1 2 1 20 0 0 0 0 61BaDiLaWr.249
41224.750000 0.100000 0.100000 1 2 1 21 0 0 0 0 61BaDiLaWr.250
41224.870000 0.100000 0.100000 1 2 1 21 0 0 0 0 61BaDiLaWr.251
41271.260000 0.200000 0.200000 1 2 1 22 0 0 0 0 61BaDiLaWr.252
41253.930000 0.100000 0.100000 1 2 1 22 0 0 0 0 61BaDiLaWr.253
41253.850000 0.100000 0.100000 1 2 1 22 0 0 0 0 61BaDiLaWr.254
41304.010000 0.100000 0.100000 1 2 1 23 0 0 0 0 61BaDiLaWr.255
41397.590000 0.100000 0.100000 1 2 1 25 0 0 0 0 61BaDiLaWr.256
41431.100000 0.100000 0.100000 1 2 1 26 0 0 0 0 61BaDiLaWr.257
41467.360000 0.100000 0.100000 1 2 1 27 0 0 0 0 61BaDiLaWr.258
41506.760000 0.100000 0.100000 1 2 1 28 0 0 0 0 61BaDiLaWr.259
41549.350000 0.100000 0.100000 1 2 1 29 0 0 0 0 61BaDiLaWr.260
41594.630000 0.100000 0.100000 1 2 1 30 0 0 0 0 61BaDiLaWr.261
41641.130000 0.100000 0.100000 1 2 1 31 0 0 0 0 61BaDiLaWr.262
41689.540000 0.100000 0.100000 1 2 1 32 0 0 0 0 61BaDiLaWr.263
39834.500000 0.200000 0.200000 1 1 1 1 0 0 0 0 61BaDiLaWr.264
39834.650000 0.200000 0.200000 1 1 1 1 0 0 0 0 61BaDiLaWr.265
39908.350000 0.200000 0.200000 7 1 3 1 0 0 0 0 61BaDiLaWr.266
39908.270000 0.100000 0.100000 7 1 3 1 0 0 0 0 61BaDiLaWr.267
39908.230000 0.100000 0.100000 7 1 2 1 0 0 0 0 61BaDiLaWr.268
39837.380000 0.200000 0.200000 1 1 1 2 0 0 0 0 61BaDiLaWr.269
39837.350000 0.200000 0.200000 1 1 1 2 0 0 0 0 61BaDiLaWr.270
39910.920000 0.200000 0.200000 7 1 3 2 0 0 0 0 61BaDiLaWr.271
39910.960000 0.100000 0.100000 7 1 3 2 0 0 0 0 61BaDiLaWr.272
39910.730000 0.100000 0.100000 7 1 2 2 0 0 0 0 61BaDiLaWr.273
39837.530000 0.100000 0.100000 1 1 1 2 0 0 0 0 61BaDiLaWr.274
39841.890000 0.100000 0.100000 1 1 1 3 0 0 0 0 61BaDiLaWr.275
39841.930000 0.100000 0.100000 1 1 1 3 0 0 0 0 61BaDiLaWr.276
39914.980000 0.200000 0.200000 7 1 3 3 0 0 0 0 61BaDiLaWr.277
39914.970000 0.100000 0.100000 7 1 3 3 0 0 0 0 61BaDiLaWr.278
39914.610000 0.100000 0.100000 7 1 2 3 0 0 0 0 61BaDiLaWr.279
39841.980000 0.100000 0.100000 1 1 1 3 0 0 0 0 61BaDiLaWr.280
39847.830000 0.200000 0.200000 1 1 1 4 0 0 0 0 61BaDiLaWr.281
39847.780000 0.200000 0.200000 1 1 1 4 0 0 0 0 61BaDiLaWr.282
39920.400000 0.200000 0.200000 7 1 3 4 0 0 0 0 61BaDiLaWr.283
39920.330000 0.100000 0.100000 7 1 3 4 0 0 0 0 61BaDiLaWr.284
39919.710000 0.100000 0.100000 7 1 2 4 0 0 0 0 61BaDiLaWr.285
39847.880000 0.100000 0.100000 1 1 1 4 0 0 0 0 61BaDiLaWr.286
39855.030000 0.200000 0.200000 1 1 1 5 0 0 0 0 61BaDiLaWr.287
39855.090000 0.100000 0.100000 1 1 1 5 0 0 0 0 61BaDiLaWr.288
39926.930000 0.200000 0.200000 7 1 3 5 0 0 0 0 61BaDiLaWr.289
39927.080000 0.100000 0.100000 7 1 3 5 0 0 0 0 61BaDiLaWr.290
39926.180000 0.200000 0.200000 7 1 2 5 0 0 0 0 61BaDiLaWr.291
39855.290000 0.100000 0.100000 1 1 1 5 0 0 0 0 61BaDiLaWr.292
39863.870000 0.200000 0.200000 1 1 1 6 0 0 0 0 61BaDiLaWr.293
39863.970000 0.100000 0.100000 1 1 1 6 0 0 0 0 61BaDiLaWr.294
39935.100000 0.200000 0.200000 7 1 3 6 0 0 0 0 61BaDiLaWr.295
39935.050000 0.100000 0.100000 7 1 3 6 0 0 0 0 61BaDiLaWr.296
39933.780000 0.200000 0.200000 7 1 2 6 0 0 0 0 61BaDiLaWr.297
39864.080000 0.200000 0.200000 1 1 1 6 0 0 0 0 61BaDiLaWr.298
39874.140000 0.200000 0.200000 1 1 1 7 0 0 0 0 61BaDiLaWr.299
39874.090000 0.100000 0.100000 1 1 1 7 0 0 0 0 61BaDiLaWr.300
39944.400000 0.200000 0.200000 7 1 3 7 0 0 0 0 61BaDiLaWr.301
39944.420000 0.200000 0.200000 7 1 3 7 0 0 0 0 61BaDiLaWr.302
39942.750000 0.200000 0.200000 7 1 2 7 0 0 0 0 61BaDiLaWr.303
39874.440000 0.100000 0.100000 1 1 1 7 0 0 0 0 61BaDiLaWr.304
39885.570000 0.200000 0.200000 1 1 1 8 0 0 0 0 61BaDiLaWr.305
39885.690000 0.100000 0.100000 1 1 1 8 0 0 0 0 61BaDiLaWr.306
39955.040000 0.200000 0.200000 7 1 3 8 0 0 0 0 61BaDiLaWr.307
39955.160000 0.100000 0.100000 7 1 3 8 0 0 0 0 61BaDiLaWr.308
39953.070000 0.200000 0.200000 7 1 2 8 0 0 0 0 61BaDiLaWr.309
39886.230000 0.100000 0.100000 1 1 1 8 0 0 0 0 61BaDiLaWr.310
39898.640000 0.200000 0.200000 1 1 1 9 0 0 0 0 61BaDiLaWr.311
39898.700000 0.100000 0.100000 1 1 1 9 0 0 0 0 61BaDiLaWr.312
39967.170000 0.200000 0.200000 7 1 3 9 0 0 0 0 61BaDiLaWr.313
39967.260000 0.100000 0.100000 7 1 3 9 0 0 0 0 61BaDiLaWr.314
39964.720000 0.100000 0.100000 7 1 2 9 0 0 0 0 61BaDiLaWr.315
39899.410000 0.100000 0.100000 1 1 1 9 0 0 0 0 61BaDiLaWr.316
39912.890000 0.200000 0.200000 1 1 1 10 0 0 0 0 61BaDiLaWr.317
39912.950000 0.100000 0.100000 1 1 1 10 0 0 0 0 61BaDiLaWr.318
39980.640000 0.100000 0.100000 7 1 3 10 0 0 0 0 61BaDiLaWr.319
39980.640000 0.100000 0.100000 7 1 3 10 0 0 0 0 61BaDiLaWr.320
39977.630000 0.100000 0.100000 7 1 2 10 0 0 0 0 61BaDiLaWr.321
39914.000000 0.100000 0.100000 1 1 1 10 0 0 0 0 61BaDiLaWr.322
39928.550000 0.200000 0.200000 1 1 1 11 0 0 0 0 61BaDiLaWr.323
39928.490000 0.100000 0.100000 1 1 1 11 0 0 0 0 61BaDiLaWr.324
39995.580000 0.100000 0.100000 7 1 3 11 0 0 0 0 61BaDiLaWr.325
39995.460000 0.200000 0.200000 7 1 3 11 0 0 0 0 61BaDiLaWr.326
39992.060000 0.200000 0.200000 7 1 2 11 0 0 0 0 61BaDiLaWr.327
39929.890000 0.200000 0.200000 1 1 1 11 0 0 0 0 61BaDiLaWr.328
39945.230000 0.100000 0.100000 1 1 1 12 0 0 0 0 61BaDiLaWr.329
39945.240000 0.100000 0.100000 1 1 1 12 0 0 0 0 61BaDiLaWr.330
40011.610000 0.100000 0.100000 7 1 3 12 0 0 0 0 61BaDiLaWr.331
40011.650000 0.100000 0.100000 7 1 3 12 0 0 0 0 61BaDiLaWr.332
40007.770000 0.100000 0.100000 7 1 2 12 0 0 0 0 61BaDiLaWr.333
39947.290000 0.200000 0.200000 1 1 1 12 0 0 0 0 61BaDiLaWr.334
39982.030000 0.100000 0.100000 1 1 1 14 0 0 0 0 61BaDiLaWr.335
39982.020000 0.100000 0.100000 1 1 1 14 0 0 0 0 61BaDiLaWr.336
40048.130000 0.200000 0.200000 7 1 3 14 0 0 0 0 61BaDiLaWr.337
40048.110000 0.100000 0.100000 7 1 3 14 0 0 0 0 61BaDiLaWr.338
40043.600000 0.200000 0.200000 7 1 2 14 0 0 0 0 61BaDiLaWr.339
39985.760000 0.200000 0.200000 1 1 1 14 0 0 0 0 61BaDiLaWr.340
40001.830000 0.100000 0.100000 1 1 1 15 0 0 0 0 61BaDiLaWr.341
40001.780000 0.200000 0.200000 1 1 1 15 0 0 0 0 61BaDiLaWr.342
40068.530000 0.100000 0.100000 7 1 3 15 0 0 0 0 61BaDiLaWr.343
40068.470000 0.100000 0.100000 7 1 3 15 0 0 0 0 61BaDiLaWr.344
40063.820000 0.100000 0.100000 7 1 2 15 0 0 0 0 61BaDiLaWr.345
40006.940000 0.100000 0.100000 1 1 1 15 0 0 0 0 61BaDiLaWr.346
40022.390000 0.100000 0.100000 1 1 1 16 0 0 0 0 61BaDiLaWr.347
40022.500000 0.200000 0.200000 1 1 1 16 0 0 0 0 61BaDiLaWr.348
40090.270000 0.200000 0.200000 7 1 3 16 0 0 0 0 61BaDiLaWr.349
40090.350000 0.100000 0.100000 7 1 3 16 0 0 0 0 61BaDiLaWr.350
40085.490000 0.100000 0.100000 7 1 2 16 0 0 0 0 61BaDiLaWr.351
40029.300000 0.100000 0.100000 1 1 1 16 0 0 0 0 61BaDiLaWr.352
40044.210000 0.200000 0.200000 1 1 1 17 0 0 0 0 61BaDiLaWr.353
40044.070000 0.100000 0.100000 1 1 1 17 0 0 0 0 61BaDiLaWr.354
40113.540000 0.100000 0.100000 7 1 3 17 0 0 0 0 61BaDiLaWr.355
40113.590000 0.100000 0.100000 7 1 3 17 0 0 0 0 61BaDiLaWr.356
40108.840000 0.100000 0.100000 7 1 2 17 0 0 0 0 61BaDiLaWr.357
40052.650000 0.100000 0.100000 1 1 1 17 0 0 0 0 61BaDiLaWr.358
40066.480000 0.200000 0.200000 1 1 1 18 0 0 0 0 61BaDiLaWr.359
40066.380000 0.100000 0.100000 1 1 1 18 0 0 0 0 61BaDiLaWr.360
40138.440000 0.100000 0.100000 7 1 3 18 0 0 0 0 61BaDiLaWr.361
40138.430000 0.100000 0.100000 7 1 3 18 0 0 0 0 61BaDiLaWr.362
40133.940000 0.200000 0.200000 7 1 2 18 0 0 0 0 61BaDiLaWr.363
40077.240000 0.200000 0.200000 1 1 1 18 0 0 0 0 61BaDiLaWr.364
40089.770000 0.100000 0.100000 1 1 1 19 0 0 0 0 61BaDiLaWr.365
40089.690000 0.100000 0.100000 1 1 1 19 0 0 0 0 61BaDiLaWr.366
40164.890000 0.200000 0.200000 7 1 3 19 0 0 0 0 61BaDiLaWr.367
40165.000000 0.200000 0.200000 7 1 3 19 0 0 0 0 61BaDiLaWr.368
40160.580000 0.100000 0.100000 7 1 2 19 0 0 0 0 61BaDiLaWr.369
40102.770000 0.100000 0.100000 1 1 1 19 0 0 0 0 61BaDiLaWr.370
40113.800000 0.200000 0.200000 1 1 1 20 0 0 0 0 61BaDiLaWr.371
40113.950000 0.200000 0.200000 1 1 1 20 0 0 0 0 61BaDiLaWr.372
40192.870000 0.200000 0.200000 7 1 3 20 0 0 0 0 61BaDiLaWr.373
40192.930000 0.100000 0.100000 7 1 3 20 0 0 0 0 61BaDiLaWr.374
40189.040000 0.100000 0.100000 7 1 2 20 0 0 0 0 61BaDiLaWr.375
40129.240000 0.100000 0.100000 1 1 1 20 0 0 0 0 61BaDiLaWr.376
40165.450000 0.100000 0.100000 1 1 1 22 0 0 0 0 61BaDiLaWr.377
40165.500000 0.100000 0.100000 1 1 1 22 0 0 0 0 61BaDiLaWr.378
40154.000000 0.100000 0.100000 7 1 3 22 0 0 0 0 61BaDiLaWr.379
40154.120000 0.200000 0.200000 7 1 3 22 0 0 0 0 61BaDiLaWr.380
40151.120000 0.100000 0.100000 7 1 2 22 0 0 0 0 61BaDiLaWr.381
40192.730000 0.200000 0.200000 1 1 1 23 0 0 0 0 61BaDiLaWr.382
40192.670000 0.100000 0.100000 1 1 1 23 0 0 0 0 61BaDiLaWr.383
40187.190000 0.100000 0.100000 7 1 3 23 0 0 0 0 61BaDiLaWr.384
40187.190000 0.100000 0.100000 7 1 3 23 0 0 0 0 61BaDiLaWr.385
40184.920000 0.200000 0.200000 7 1 2 23 0 0 0 0 61BaDiLaWr.386
40221.230000 0.100000 0.100000 1 1 1 24 0 0 0 0 61BaDiLaWr.387
40221.120000 0.100000 0.100000 1 1 1 24 0 0 0 0 61BaDiLaWr.388
40276.810000 0.100000 0.100000 1 1 1 25 0 0 0 0 61BaDiLaWr.389
40309.290000 0.100000 0.100000 1 1 1 26 0 0 0 0 61BaDiLaWr.390
40443.440000 0.200000 0.200000 7 1 3 27 0 0 0 0 61BaDiLaWr.391
40342.950000 0.200000 0.200000 1 1 1 27 0 0 0 0 61BaDiLaWr.392
40481.580000 0.100000 0.100000 7 1 2 28 0 0 0 0 61BaDiLaWr.393
40376.550000 0.200000 0.200000 1 1 1 28 0 0 0 0 61BaDiLaWr.394
40524.080000 0.200000 0.200000 7 1 2 29 0 0 0 0 61BaDiLaWr.395
40411.540000 0.100000 0.100000 1 1 1 29 0 0 0 0 61BaDiLaWr.396
40568.780000 0.200000 0.200000 7 1 2 30 0 0 0 0 61BaDiLaWr.397
40615.290000 0.100000 0.100000 7 1 2 31 0 0 0 0 61BaDiLaWr.398
40663.410000 0.100000 0.100000 7 1 2 32 0 0 0 0 61BaDiLaWr.399
40713.040000 0.100000 0.100000 7 1 2 33 0 0 0 0 61BaDiLaWr.400
40763.860000 0.100000 0.100000 7 1 2 34 0 0 0 0 61BaDiLaWr.401
40815.920000 0.100000 0.100000 7 1 2 35 0 0 0 0 61BaDiLaWr.402
40869.010000 0.100000 0.100000 7 1 2 36 0 0 0 0 61BaDiLaWr.403
39162.020000 0.200000 0.200000 7 0 2 1 0 0 0 0 61BaDiLaWr.404
39164.350000 0.100000 0.100000 7 0 2 2 0 0 0 0 61BaDiLaWr.405
39168.170000 0.100000 0.100000 7 0 2 3 0 0 0 0 61BaDiLaWr.406
39167.430000 0.100000 0.100000 7 0 3 3 0 0 0 0 61BaDiLaWr.407
39171.890000 0.200000 0.200000 7 0 1 4 0 0 0 0 61BaDiLaWr.408
39171.560000 0.100000 0.100000 7 0 1 4 0 0 0 0 61BaDiLaWr.409
39172.970000 0.100000 0.100000 7 0 2 4 0 0 0 0 61BaDiLaWr.410
39171.990000 0.100000 0.100000 7 0 3 4 0 0 0 0 61BaDiLaWr.411
39171.890000 0.200000 0.200000 7 0 4 4 0 0 0 0 61BaDiLaWr.412
39177.480000 0.200000 0.200000 7 0 1 5 0 0 0 0 61BaDiLaWr.413
39177.740000 0.100000 0.100000 7 0 1 5 0 0 0 0 61BaDiLaWr.414
39179.230000 0.100000 0.100000 7 0 2 5 0 0 0 0 61BaDiLaWr.415
39177.530000 0.200000 0.200000 7 0 3 5 0 0 0 0 61BaDiLaWr.416
39177.480000 0.200000 0.200000 7 0 4 5 0 0 0 0 61BaDiLaWr.417
39184.890000 0.200000 0.200000 7 0 1 6 0 0 0 0 61BaDiLaWr.418
39184.570000 0.100000 0.100000 7 0 1 6 0 0 0 0 61BaDiLaWr.419
39186.570000 0.100000 0.100000 7 0 2 6 0 0 0 0 61BaDiLaWr.420
39184.870000 0.200000 0.200000 7 0 3 6 0 0 0 0 61BaDiLaWr.421
39184.890000 0.200000 0.200000 7 0 4 6 0 0 0 0 61BaDiLaWr.422
39193.520000 0.200000 0.200000 7 0 1 7 0 0 0 0 61BaDiLaWr.423
39193.920000 0.100000 0.100000 7 0 1 7 0 0 0 0 61BaDiLaWr.424
39195.030000 0.100000 0.100000 7 0 2 7 0 0 0 0 61BaDiLaWr.425
39193.530000 0.200000 0.200000 7 0 3 7 0 0 0 0 61BaDiLaWr.426
39193.520000 0.200000 0.200000 7 0 4 7 0 0 0 0 61BaDiLaWr.427
39203.200000 0.200000 0.200000 7 0 1 8 0 0 0 0 61BaDiLaWr.428
39202.880000 0.200000 0.200000 7 0 1 8 0 0 0 0 61BaDiLaWr.429
39204.880000 0.100000 0.100000 7 0 2 8 0 0 0 0 61BaDiLaWr.430
39203.340000 0.200000 0.200000 7 0 3 8 0 0 0 0 61BaDiLaWr.431
39203.200000 0.200000 0.200000 7 0 4 8 0 0 0 0 61BaDiLaWr.432
39214.110000 0.200000 0.200000 7 0 1 9 0 0 0 0 61BaDiLaWr.433
39214.090000 0.100000 0.100000 7 0 1 9 0 0 0 0 61BaDiLaWr.434
39215.930000 0.100000 0.100000 7 0 2 9 0 0 0 0 61BaDiLaWr.435
39214.280000 0.200000 0.200000 7 0 3 9 0 0 0 0 61BaDiLaWr.436
39214.110000 0.100000 0.100000 7 0 4 9 0 0 0 0 61BaDiLaWr.437
39226.530000 0.200000 0.200000 7 0 1 10 0 0 0 0 61BaDiLaWr.438
39226.750000 0.100000 0.100000 7 0 1 10 0 0 0 0 61BaDiLaWr.439
39228.230000 0.100000 0.100000 7 0 2 10 0 0 0 0 61BaDiLaWr.440
39226.540000 0.200000 0.200000 7 0 3 10 0 0 0 0 61BaDiLaWr.441
39226.530000 0.200000 0.200000 7 0 4 10 0 0 0 0 61BaDiLaWr.442
39239.960000 0.200000 0.200000 7 0 1 11 0 0 0 0 61BaDiLaWr.443
39239.900000 0.200000 0.200000 7 0 1 11 0 0 0 0 61BaDiLaWr.444
39241.730000 0.100000 0.100000 7 0 2 11 0 0 0 0 61BaDiLaWr.445
39240.070000 0.100000 0.100000 7 0 3 11 0 0 0 0 61BaDiLaWr.446
39239.960000 0.200000 0.200000 7 0 4 11 0 0 0 0 61BaDiLaWr.447
39254.640000 0.200000 0.200000 7 0 1 12 0 0 0 0 61BaDiLaWr.448
39254.880000 0.200000 0.200000 7 0 1 12 0 0 0 0 61BaDiLaWr.449
39256.550000 0.100000 0.100000 7 0 2 12 0 0 0 0 61BaDiLaWr.450
39254.750000 0.100000 0.100000 7 0 3 12 0 0 0 0 61BaDiLaWr.451
39254.640000 0.200000 0.200000 7 0 4 12 0 0 0 0 61BaDiLaWr.452
39270.640000 0.200000 0.200000 7 0 1 13 0 0 0 0 61BaDiLaWr.453
39270.560000 0.100000 0.100000 7 0 1 13 0 0 0 0 61BaDiLaWr.454
39272.540000 0.100000 0.100000 7 0 2 13 0 0 0 0 61BaDiLaWr.455
39270.650000 0.100000 0.100000 7 0 3 13 0 0 0 0 61BaDiLaWr.456
39270.640000 0.200000 0.200000 7 0 4 13 0 0 0 0 61BaDiLaWr.457
39287.770000 0.200000 0.200000 7 0 1 14 0 0 0 0 61BaDiLaWr.458
39287.820000 0.100000 0.100000 7 0 1 14 0 0 0 0 61BaDiLaWr.459
39289.840000 0.200000 0.200000 7 0 2 14 0 0 0 0 61BaDiLaWr.460
39287.820000 0.200000 0.200000 7 0 3 14 0 0 0 0 61BaDiLaWr.461
39287.770000 0.200000 0.200000 7 0 4 14 0 0 0 0 61BaDiLaWr.462
39306.070000 0.100000 0.100000 7 0 1 15 0 0 0 0 61BaDiLaWr.463
39306.210000 0.100000 0.100000 7 0 1 15 0 0 0 0 61BaDiLaWr.464
39309.040000 0.100000 0.100000 7 0 2 15 0 0 0 0 61BaDiLaWr.465
39307.030000 0.100000 0.100000 7 0 3 15 0 0 0 0 61BaDiLaWr.466
39307.030000 0.100000 0.100000 7 0 4 15 0 0 0 0 61BaDiLaWr.467
39325.570000 0.100000 0.100000 7 0 1 16 0 0 0 0 61BaDiLaWr.468
39325.730000 0.100000 0.100000 7 0 1 16 0 0 0 0 61BaDiLaWr.469
39327.330000 0.100000 0.100000 7 0 2 16 0 0 0 0 61BaDiLaWr.470
39346.680000 0.100000 0.100000 7 0 1 17 0 0 0 0 61BaDiLaWr.471
39346.590000 0.100000 0.100000 7 0 1 17 0 0 0 0 61BaDiLaWr.472
39348.300000 0.200000 0.200000 7 0 2 17 0 0 0 0 61BaDiLaWr.473
39368.690000 0.100000 0.100000 7 0 1 18 0 0 0 0 61BaDiLaWr.474
39370.510000 0.200000 0.200000 7 0 2 18 0 0 0 0 61BaDiLaWr.475
39393.650000 0.100000 0.100000 7 0 2 19 0 0 0 0 61BaDiLaWr.476
39418.280000 0.100000 0.100000 7 0 2 20 0 0 0 0 61BaDiLaWr.477
39444.070000 0.100000 0.100000 7 0 2 21 0 0 0 0 61BaDiLaWr.478
39471.080000 0.100000 0.100000 7 0 2 22 0 0 0 0 61BaDiLaWr.479
39499.290000 0.100000 0.100000 7 0 2 23 0 0 0 0 61BaDiLaWr.480
39528.690000 0.100000 0.100000 7 0 2 24 0 0 0 0 61BaDiLaWr.481
39559.380000 0.100000 0.100000 7 0 2 25 0 0 0 0 61BaDiLaWr.482
39591.130000 0.100000 0.100000 7 0 2 26 0 0 0 0 61BaDiLaWr.483
38615.070000 0.100000 0.100000 8 0 1 1 0 0 0 0 61BaDiLaWr.484
38615.050000 0.100000 0.100000 8 0 1 1 0 0 0 0 61BaDiLaWr.485
38614.980000 0.100000 0.100000 8 0 1 1 0 0 0 0 61BaDiLaWr.486
38617.650000 0.100000 0.100000 8 0 1 2 0 0 0 0 61BaDiLaWr.487
38617.590000 0.200000 0.200000 8 0 1 2 0 0 0 0 61BaDiLaWr.488
38617.700000 0.100000 0.100000 8 0 1 2 0 0 0 0 61BaDiLaWr.489
40114.950000 0.200000 0.200000 8 2 1 2 0 0 0 0 61BaDiLaWr.490
38621.290000 0.200000 0.200000 8 0 1 3 0 0 0 0 61BaDiLaWr.491
38621.250000 0.200000 0.200000 8 0 1 3 0 0 0 0 61BaDiLaWr.492
38621.310000 0.100000 0.100000 8 0 1 3 0 0 0 0 61BaDiLaWr.493
40118.750000 0.200000 0.200000 8 2 1 3 0 0 0 0 61BaDiLaWr.494
38626.420000 0.100000 0.100000 8 0 1 4 0 0 0 0 61BaDiLaWr.495
38626.160000 0.200000 0.200000 8 0 1 4 0 0 0 0 61BaDiLaWr.496
38626.340000 0.100000 0.100000 8 0 1 4 0 0 0 0 61BaDiLaWr.497
39385.200000 0.200000 0.200000 8 1 1 4 0 0 0 0 61BaDiLaWr.498
39385.180000 0.100000 0.100000 8 1 1 4 0 0 0 0 61BaDiLaWr.499
39384.870000 0.200000 0.200000 8 1 1 4 0 0 0 0 61BaDiLaWr.500
40123.430000 0.100000 0.100000 8 2 1 4 0 0 0 0 61BaDiLaWr.501
40123.660000 0.100000 0.100000 8 2 1 4 0 0 0 0 61BaDiLaWr.502
38632.580000 0.100000 0.100000 8 0 1 5 0 0 0 0 61BaDiLaWr.503
38632.690000 0.200000 0.200000 8 0 1 5 0 0 0 0 61BaDiLaWr.504
38632.590000 0.100000 0.100000 8 0 1 5 0 0 0 0 61BaDiLaWr.505
39391.110000 0.200000 0.200000 8 1 1 5 0 0 0 0 61BaDiLaWr.506
39391.380000 0.100000 0.100000 8 1 1 5 0 0 0 0 61BaDiLaWr.507
39391.050000 0.200000 0.200000 8 1 1 5 0 0 0 0 61BaDiLaWr.508
40129.530000 0.100000 0.100000 8 2 1 5 0 0 0 0 61BaDiLaWr.509
40129.660000 0.200000 0.200000 8 2 1 5 0 0 0 0 61BaDiLaWr.510
40129.690000 0.100000 0.100000 8 2 1 5 0 0 0 0 61BaDiLaWr.511
38640.090000 0.100000 0.100000 8 0 1 6 0 0 0 0 61BaDiLaWr.512
38640.090000 0.100000 0.100000 8 0 1 6 0 0 0 0 61BaDiLaWr.513
38640.080000 0.100000 0.100000 8 0 1 6 0 0 0 0 61BaDiLaWr.514
39398.570000 0.100000 0.100000 8 1 1 6 0 0 0 0 61BaDiLaWr.515
39398.590000 0.100000 0.100000 8 1 1 6 0 0 0 0 61BaDiLaWr.516
39398.300000 0.200000 0.200000 8 1 1 6 0 0 0 0 61BaDiLaWr.517
40136.900000 0.100000 0.100000 8 2 1 6 0 0 0 0 61BaDiLaWr.518
40136.780000 0.100000 0.100000 8 2 1 6 0 0 0 0 61BaDiLaWr.519
40136.920000 0.100000 0.100000 8 2 1 6 0 0 0 0 61BaDiLaWr.520
38648.920000 0.100000 0.100000 8 0 1 7 0 0 0 0 61BaDiLaWr.521
38648.850000 0.100000 0.100000 8 0 1 7 0 0 0 0 61BaDiLaWr.522
38648.820000 0.100000 0.100000 8 0 1 7 0 0 0 0 61BaDiLaWr.523
39406.950000 0.100000 0.100000 8 1 1 7 0 0 0 0 61BaDiLaWr.524
39407.160000 0.100000 0.100000 8 1 1 7 0 0 0 0 61BaDiLaWr.525
39406.760000 0.200000 0.200000 8 1 1 7 0 0 0 0 61BaDiLaWr.526
40145.310000 0.100000 0.100000 8 2 1 7 0 0 0 0 61BaDiLaWr.527
40145.210000 0.100000 0.100000 8 2 1 7 0 0 0 0 61BaDiLaWr.528
40145.280000 0.100000 0.100000 8 2 1 7 0 0 0 0 61BaDiLaWr.529
38658.830000 0.200000 0.200000 8 0 1 8 0 0 0 0 61BaDiLaWr.530
38658.830000 0.100000 0.100000 8 0 1 8 0 0 0 0 61BaDiLaWr.531
38658.760000 0.100000 0.100000 8 0 1 8 0 0 0 0 61BaDiLaWr.532
39416.830000 0.100000 0.100000 8 1 1 8 0 0 0 0 61BaDiLaWr.533
39416.830000 0.100000 0.100000 8 1 1 8 0 0 0 0 61BaDiLaWr.534
39416.650000 0.200000 0.200000 8 1 1 8 0 0 0 0 61BaDiLaWr.535
40154.960000 0.100000 0.100000 8 2 1 8 0 0 0 0 61BaDiLaWr.536
40154.820000 0.100000 0.100000 8 2 1 8 0 0 0 0 61BaDiLaWr.537
40155.030000 0.100000 0.100000 8 2 1 8 0 0 0 0 61BaDiLaWr.538
38670.070000 0.100000 0.100000 8 0 1 9 0 0 0 0 61BaDiLaWr.539
38670.200000 0.200000 0.200000 8 0 1 9 0 0 0 0 61BaDiLaWr.540
38670.020000 0.100000 0.100000 8 0 1 9 0 0 0 0 61BaDiLaWr.541
39427.790000 0.100000 0.100000 8 1 1 9 0 0 0 0 61BaDiLaWr.542
39427.680000 0.200000 0.200000 8 1 1 9 0 0 0 0 61BaDiLaWr.543
39427.830000 0.100000 0.100000 8 1 1 9 0 0 0 0 61BaDiLaWr.544
40165.890000 0.100000 0.100000 8 2 1 9 0 0 0 0 61BaDiLaWr.545
40165.930000 0.100000 0.100000 8 2 1 9 0 0 0 0 61BaDiLaWr.546
40166.050000 0.100000 0.100000 8 2 1 9 0 0 0 0 61BaDiLaWr.547
38682.490000 0.100000 0.100000 8 0 1 10 0 0 0 0 61BaDiLaWr.548
38682.540000 0.100000 0.100000 8 0 1 10 0 0 0 0 61BaDiLaWr.549
38682.540000 0.100000 0.100000 8 0 1 10 0 0 0 0 61BaDiLaWr.550
39440.040000 0.100000 0.100000 8 1 1 10 0 0 0 0 61BaDiLaWr.551
39440.130000 0.200000 0.200000 8 1 1 10 0 0 0 0 61BaDiLaWr.552
39440.020000 0.100000 0.100000 8 1 1 10 0 0 0 0 61BaDiLaWr.553
40177.970000 0.100000 0.100000 8 2 1 10 0 0 0 0 61BaDiLaWr.554
40177.900000 0.100000 0.100000 8 2 1 10 0 0 0 0 61BaDiLaWr.555
40177.980000 0.100000 0.100000 8 2 1 10 0 0 0 0 61BaDiLaWr.556
38696.290000 0.100000 0.100000 8 0 1 11 0 0 0 0 61BaDiLaWr.557
38696.260000 0.100000 0.100000 8 0 1 11 0 0 0 0 61BaDiLaWr.558
38696.220000 0.100000 0.100000 8 0 1 11 0 0 0 0 61BaDiLaWr.559
39453.470000 0.100000 0.100000 8 1 1 11 0 0 0 0 61BaDiLaWr.560
39453.490000 0.100000 0.100000 8 1 1 11 0 0 0 0 61BaDiLaWr.561
39453.400000 0.100000 0.100000 8 1 1 11 0 0 0 0 61BaDiLaWr.562
40191.210000 0.100000 0.100000 8 2 1 11 0 0 0 0 61BaDiLaWr.563
40191.310000 0.100000 0.100000 8 2 1 11 0 0 0 0 61BaDiLaWr.564
40191.320000 0.100000 0.100000 8 2 1 11 0 0 0 0 61BaDiLaWr.565
38711.220000 0.100000 0.100000 8 0 1 12 0 0 0 0 61BaDiLaWr.566
38711.180000 0.100000 0.100000 8 0 1 12 0 0 0 0 61BaDiLaWr.567
38711.290000 0.100000 0.100000 8 0 1 12 0 0 0 0 61BaDiLaWr.568
39468.160000 0.100000 0.100000 8 1 1 12 0 0 0 0 61BaDiLaWr.569
39468.110000 0.200000 0.200000 8 1 1 12 0 0 0 0 61BaDiLaWr.570
39468.000000 0.100000 0.100000 8 1 1 12 0 0 0 0 61BaDiLaWr.571
40205.730000 0.100000 0.100000 8 2 1 12 0 0 0 0 61BaDiLaWr.572
40205.860000 0.100000 0.100000 8 2 1 12 0 0 0 0 61BaDiLaWr.573
40205.710000 0.100000 0.100000 8 2 1 12 0 0 0 0 61BaDiLaWr.574
38727.350000 0.100000 0.100000 8 0 1 13 0 0 0 0 61BaDiLaWr.575
38727.440000 0.200000 0.200000 8 0 1 13 0 0 0 0 61BaDiLaWr.576
38727.460000 0.100000 0.100000 8 0 1 13 0 0 0 0 61BaDiLaWr.577
39484.020000 0.100000 0.100000 8 1 1 13 0 0 0 0 61BaDiLaWr.578
39484.090000 0.200000 0.200000 8 1 1 13 0 0 0 0 61BaDiLaWr.579
40221.510000 0.100000 0.100000 8 2 1 13 0 0 0 0 61BaDiLaWr.580
40221.490000 0.100000 0.100000 8 2 1 13 0 0 0 0 61BaDiLaWr.581
40221.590000 0.100000 0.100000 8 2 1 13 0 0 0 0 61BaDiLaWr.582
38744.810000 0.100000 0.100000 8 0 1 14 0 0 0 0 61BaDiLaWr.583
38744.880000 0.100000 0.100000 8 0 1 14 0 0 0 0 61BaDiLaWr.584
38744.840000 0.100000 0.100000 8 0 1 14 0 0 0 0 61BaDiLaWr.585
39501.050000 0.100000 0.100000 8 1 1 14 0 0 0 0 61BaDiLaWr.586
39501.110000 0.200000 0.200000 8 1 1 14 0 0 0 0 61BaDiLaWr.587
39501.190000 0.100000 0.100000 8 1 1 14 0 0 0 0 61BaDiLaWr.588
40238.440000 0.100000 0.100000 8 2 1 14 0 0 0 0 61BaDiLaWr.589
40238.490000 0.100000 0.100000 8 2 1 14 0 0 0 0 61BaDiLaWr.590
40238.490000 0.100000 0.100000 8 2 1 14 0 0 0 0 61BaDiLaWr.591
38763.470000 0.100000 0.100000 8 0 1 15 0 0 0 0 61BaDiLaWr.592
38763.550000 0.100000 0.100000 8 0 1 15 0 0 0 0 61BaDiLaWr.593
38763.480000 0.100000 0.100000 8 0 1 15 0 0 0 0 61BaDiLaWr.594
39519.400000 0.100000 0.100000 8 1 1 15 0 0 0 0 61BaDiLaWr.595
39519.480000 0.200000 0.200000 8 1 1 15 0 0 0 0 61BaDiLaWr.596
39519.300000 0.100000 0.100000 8 1 1 15 0 0 0 0 61BaDiLaWr.597
40256.680000 0.100000 0.100000 8 2 1 15 0 0 0 0 61BaDiLaWr.598
40256.720000 0.100000 0.100000 8 2 1 15 0 0 0 0 61BaDiLaWr.599
40256.690000 0.100000 0.100000 8 2 1 15 0 0 0 0 61BaDiLaWr.600
38783.410000 0.100000 0.100000 8 0 1 16 0 0 0 0 61BaDiLaWr.601
38783.400000 0.100000 0.100000 8 0 1 16 0 0 0 0 61BaDiLaWr.602
38783.390000 0.100000 0.100000 8 0 1 16 0 0 0 0 61BaDiLaWr.603
39538.890000 0.100000 0.100000 8 1 1 16 0 0 0 0 61BaDiLaWr.604
39539.140000 0.200000 0.200000 8 1 1 16 0 0 0 0 61BaDiLaWr.605
39538.970000 0.100000 0.100000 8 1 1 16 0 0 0 0 61BaDiLaWr.606
40275.610000 0.100000 0.100000 8 2 1 16 0 0 0 0 61BaDiLaWr.607
40275.600000 0.100000 0.100000 8 2 1 16 0 0 0 0 61BaDiLaWr.608
40275.570000 0.100000 0.100000 8 2 1 16 0 0 0 0 61BaDiLaWr.609
38804.620000 0.100000 0.100000 8 0 1 17 0 0 0 0 61BaDiLaWr.610
38804.560000 0.100000 0.100000 8 0 1 17 0 0 0 0 61BaDiLaWr.611
38804.600000 0.100000 0.100000 8 0 1 17 0 0 0 0 61BaDiLaWr.612
39559.620000 0.100000 0.100000 8 1 1 17 0 0 0 0 61BaDiLaWr.613
39559.620000 0.100000 0.100000 8 1 1 17 0 0 0 0 61BaDiLaWr.614
39559.700000 0.100000 0.100000 8 1 1 17 0 0 0 0 61BaDiLaWr.615
40296.340000 0.100000 0.100000 8 2 1 17 0 0 0 0 61BaDiLaWr.616
40296.380000 0.100000 0.100000 8 2 1 17 0 0 0 0 61BaDiLaWr.617
40296.280000 0.100000 0.100000 8 2 1 17 0 0 0 0 61BaDiLaWr.618
38826.920000 0.100000 0.100000 8 0 1 18 0 0 0 0 61BaDiLaWr.619
38826.840000 0.100000 0.100000 8 0 1 18 0 0 0 0 61BaDiLaWr.620
38826.900000 0.100000 0.100000 8 0 1 18 0 0 0 0 61BaDiLaWr.621
39581.740000 0.100000 0.100000 8 1 1 18 0 0 0 0 61BaDiLaWr.622
39581.860000 0.100000 0.100000 8 1 1 18 0 0 0 0 61BaDiLaWr.623
39581.730000 0.100000 0.100000 8 1 1 18 0 0 0 0 61BaDiLaWr.624
40318.160000 0.100000 0.100000 8 2 1 18 0 0 0 0 61BaDiLaWr.625
40318.170000 0.100000 0.100000 8 2 1 18 0 0 0 0 61BaDiLaWr.626
40318.020000 0.100000 0.100000 8 2 1 18 0 0 0 0 61BaDiLaWr.627
38850.480000 0.100000 0.100000 8 0 1 19 0 0 0 0 61BaDiLaWr.628
38850.500000 0.100000 0.100000 8 0 1 19 0 0 0 0 61BaDiLaWr.629
38850.450000 0.100000 0.100000 8 0 1 19 0 0 0 0 61BaDiLaWr.630
39604.720000 0.100000 0.100000 8 1 1 19 0 0 0 0 61BaDiLaWr.631
39605.030000 0.100000 0.100000 8 1 1 19 0 0 0 0 61BaDiLaWr.632
39604.750000 0.100000 0.100000 8 1 1 19 0 0 0 0 61BaDiLaWr.633
40341.130000 0.100000 0.100000 8 2 1 19 0 0 0 0 61BaDiLaWr.634
40340.860000 0.100000 0.100000 8 2 1 19 0 0 0 0 61BaDiLaWr.635
40340.960000 0.100000 0.100000 8 2 1 19 0 0 0 0 61BaDiLaWr.636
38875.290000 0.100000 0.100000 8 0 1 20 0 0 0 0 61BaDiLaWr.637
38875.250000 0.100000 0.100000 8 0 1 20 0 0 0 0 61BaDiLaWr.638
38875.310000 0.100000 0.100000 8 0 1 20 0 0 0 0 61BaDiLaWr.639
39628.250000 0.100000 0.100000 8 1 1 20 0 0 0 0 61BaDiLaWr.640
39629.180000 0.100000 0.100000 8 1 1 20 0 0 0 0 61BaDiLaWr.641
39629.190000 0.100000 0.100000 8 1 1 20 0 0 0 0 61BaDiLaWr.642
40365.330000 0.100000 0.100000 8 2 1 20 0 0 0 0 61BaDiLaWr.643
40365.370000 0.100000 0.100000 8 2 1 20 0 0 0 0 61BaDiLaWr.644
40365.120000 0.100000 0.100000 8 2 1 20 0 0 0 0 61BaDiLaWr.645
38901.380000 0.100000 0.100000 8 0 1 21 0 0 0 0 61BaDiLaWr.646
38901.380000 0.100000 0.100000 8 0 1 21 0 0 0 0 61BaDiLaWr.647
38901.420000 0.100000 0.100000 8 0 1 21 0 0 0 0 61BaDiLaWr.648
39654.770000 0.100000 0.100000 8 1 1 21 0 0 0 0 61BaDiLaWr.649
39654.980000 0.200000 0.200000 8 1 1 21 0 0 0 0 61BaDiLaWr.650
39654.770000 0.100000 0.100000 8 1 1 21 0 0 0 0 61BaDiLaWr.651
40390.610000 0.100000 0.100000 8 2 1 21 0 0 0 0 61BaDiLaWr.652
40390.670000 0.100000 0.100000 8 2 1 21 0 0 0 0 61BaDiLaWr.653
38928.650000 0.100000 0.100000 8 0 1 22 0 0 0 0 61BaDiLaWr.654
38928.600000 0.100000 0.100000 8 0 1 22 0 0 0 0 61BaDiLaWr.655
38928.620000 0.100000 0.100000 8 0 1 22 0 0 0 0 61BaDiLaWr.656
39681.430000 0.100000 0.100000 8 1 1 22 0 0 0 0 61BaDiLaWr.657
39681.690000 0.100000 0.100000 8 1 1 22 0 0 0 0 61BaDiLaWr.658
39681.580000 0.100000 0.100000 8 1 1 22 0 0 0 0 61BaDiLaWr.659
38957.060000 0.100000 0.100000 8 0 1 23 0 0 0 0 61BaDiLaWr.660
38957.090000 0.100000 0.100000 8 0 1 23 0 0 0 0 61BaDiLaWr.661
38957.080000 0.100000 0.100000 8 0 1 23 0 0 0 0 61BaDiLaWr.662
39709.620000 0.100000 0.100000 8 1 1 23 0 0 0 0 61BaDiLaWr.663
39709.520000 0.100000 0.100000 8 1 1 23 0 0 0 0 61BaDiLaWr.664
39709.650000 0.100000 0.100000 8 1 1 23 0 0 0 0 61BaDiLaWr.665
38986.810000 0.100000 0.100000 8 0 1 24 0 0 0 0 61BaDiLaWr.666
38986.790000 0.100000 0.100000 8 0 1 24 0 0 0 0 61BaDiLaWr.667
38986.710000 0.100000 0.100000 8 0 1 24 0 0 0 0 61BaDiLaWr.668
39738.830000 0.100000 0.100000 8 1 1 24 0 0 0 0 61BaDiLaWr.669
39738.750000 0.100000 0.100000 8 1 1 24 0 0 0 0 61BaDiLaWr.670
40474.010000 0.100000 0.100000 8 2 1 24 0 0 0 0 61BaDiLaWr.671
40474.000000 0.100000 0.100000 8 2 1 24 0 0 0 0 61BaDiLaWr.672
39017.690000 0.100000 0.100000 8 0 1 25 0 0 0 0 61BaDiLaWr.673
39017.640000 0.100000 0.100000 8 0 1 25 0 0 0 0 61BaDiLaWr.674
39017.560000 0.100000 0.100000 8 0 1 25 0 0 0 0 61BaDiLaWr.675
39769.240000 0.100000 0.100000 8 1 1 25 0 0 0 0 61BaDiLaWr.676
39769.200000 0.100000 0.100000 8 1 1 25 0 0 0 0 61BaDiLaWr.677
40504.190000 0.100000 0.100000 8 2 1 25 0 0 0 0 61BaDiLaWr.678
40504.190000 0.100000 0.100000 8 2 1 25 0 0 0 0 61BaDiLaWr.679
39049.770000 0.100000 0.100000 8 0 1 26 0 0 0 0 61BaDiLaWr.680
39049.630000 0.100000 0.100000 8 0 1 26 0 0 0 0 61BaDiLaWr.681
39800.910000 0.100000 0.100000 8 1 1 26 0 0 0 0 61BaDiLaWr.682
39801.040000 0.100000 0.100000 8 1 1 26 0 0 0 0 61BaDiLaWr.683
40535.730000 0.100000 0.100000 8 2 1 26 0 0 0 0 61BaDiLaWr.684
40535.830000 0.100000 0.100000 8 2 1 26 0 0 0 0 61BaDiLaWr.685
39083.210000 0.100000 0.100000 8 0 1 27 0 0 0 0 61BaDiLaWr.686
39083.050000 0.100000 0.100000 8 0 1 27 0 0 0 0 61BaDiLaWr.687
39833.790000 0.100000 0.100000 8 1 1 27 0 0 0 0 61BaDiLaWr.688
39833.810000 0.100000 0.100000 8 1 1 27 0 0 0 0 61BaDiLaWr.689
40568.280000 0.100000 0.100000 8 2 1 27 0 0 0 0 61BaDiLaWr.690
40568.230000 0.100000 0.100000 8 2 1 27 0 0 0 0 61BaDiLaWr.691
39117.620000 0.100000 0.100000 8 0 1 28 0 0 0 0 61BaDiLaWr.692
39117.730000 0.100000 0.100000 8 0 1 28 0 0 0 0 61BaDiLaWr.693
39867.910000 0.100000 0.100000 8 1 1 28 0 0 0 0 61BaDiLaWr.694
39867.750000 0.100000 0.100000 8 1 1 28 0 0 0 0 61BaDiLaWr.695
40602.110000 0.100000 0.100000 8 2 1 28 0 0 0 0 61BaDiLaWr.696
40602.240000 0.100000 0.100000 8 2 1 28 0 0 0 0 61BaDiLaWr.697
39153.440000 0.100000 0.100000 8 0 1 29 0 0 0 0 61BaDiLaWr.698
39153.530000 0.100000 0.100000 8 0 1 29 0 0 0 0 61BaDiLaWr.699
39903.020000 0.100000 0.100000 8 1 1 29 0 0 0 0 61BaDiLaWr.700
39903.270000 0.100000 0.100000 8 1 1 29 0 0 0 0 61BaDiLaWr.701
40637.170000 0.100000 0.100000 8 2 1 29 0 0 0 0 61BaDiLaWr.702
40637.220000 0.100000 0.100000 8 2 1 29 0 0 0 0 61BaDiLaWr.703
39939.560000 0.100000 0.100000 8 1 1 30 0 0 0 0 61BaDiLaWr.704
40673.700000 0.100000 0.100000 8 2 1 30 0 0 0 0 61BaDiLaWr.705
40673.580000 0.100000 0.100000 8 2 1 30 0 0 0 0 61BaDiLaWr.706
40630.450000 0.100000 0.100000 8 2 1 31 0 0 0 0 61BaDiLaWr.707
27585.370000 0.020000 0.020000 2 0 1 1 0 0 0 0 77CoHoRo.1
27586.830000 0.020000 0.020000 2 0 1 2 0 0 0 1 77CoHoRo.2
27588.250000 0.020000 0.020000 2 0 1 3 0 0 0 2 77CoHoRo.3
27589.610000 0.020000 0.020000 2 0 1 4 0 0 0 3 77CoHoRo.4
27590.850000 0.020000 0.020000 2 0 1 5 0 0 0 4 77CoHoRo.5
27592.090000 0.020000 0.020000 2 0 1 6 0 0 0 5 77CoHoRo.6
27593.210000 0.020000 0.020000 2 0 1 7 0 0 0 6 77CoHoRo.7
27594.280000 0.020000 0.020000 2 0 1 8 0 0 0 7 77CoHoRo.8
27595.250000 0.020000 0.020000 2 0 1 9 0 0 0 8 77CoHoRo.9
27596.170000 0.020000 0.020000 2 0 1 10 0 0 0 9 77CoHoRo.10
27597.010000 0.020000 0.020000 2 0 1 11 0 0 0 10 77CoHoRo.11
27597.780000 0.020000 0.020000 2 0 1 12 0 0 0 11 77CoHoRo.12
27598.470000 0.020000 0.020000 2 0 1 13 0 0 0 12 77CoHoRo.13
27599.090000 0.020000 0.020000 2 0 1 14 0 0 0 13 77CoHoRo.14
27599.670000 0.020000 0.020000 2 0 1 15 0 0 0 14 77CoHoRo.15
27600.120000 0.020000 0.020000 2 0 1 16 0 0 0 15 77CoHoRo.16
27600.520000 0.020000 0.020000 2 0 1 17 0 0 0 16 77CoHoRo.17
27600.880000 0.020000 0.020000 2 0 1 18 0 0 0 17 77CoHoRo.18
27601.150000 0.020000 0.020000 2 0 1 19 0 0 0 18 77CoHoRo.19
27601.380000 0.020000 0.020000 2 0 1 20 0 0 0 19 77CoHoRo.20
27601.420000 0.020000 0.020000 2 0 1 21 0 0 0 20 77CoHoRo.21
27601.420000 0.020000 0.020000 2 0 1 22 0 0 0 21 77CoHoRo.22
27601.420000 0.020000 0.020000 2 0 1 23 0 0 0 22 77CoHoRo.23
27601.380000 0.020000 0.020000 2 0 1 24 0 0 0 23 77CoHoRo.24
27601.150000 0.020000 0.020000 2 0 1 25 0 0 0 24 77CoHoRo.25
27600.880000 0.020000 0.020000 2 0 1 26 0 0 0 25 77CoHoRo.26
27600.520000 0.020000 0.020000 2 0 1 27 0 0 0 26 77CoHoRo.27
27600.120000 0.020000 0.020000 2 0 1 28 0 0 0 27 77CoHoRo.28
27599.670000 0.020000 0.020000 2 0 1 29 0 0 0 28 77CoHoRo.29
27599.090000 0.020000 0.020000 2 0 1 30 0 0 0 29 77CoHoRo.30
27598.470000 0.020000 0.020000 2 0 1 31 0 0 0 30 77CoHoRo.31
27597.780000 0.020000 0.020000 2 0 1 32 0 0 0 31 77CoHoRo.32
27597.010000 0.020000 0.020000 2 0 1 33 0 0 0 32 77CoHoRo.33
27583.750000 0.020000 0.020000 2 0 1 1 0 0 0 1 77CoHoRo.34
27583.620000 0.020000 0.020000 2 0 1 2 0 0 0 2 77CoHoRo.35
27583.390000 0.020000 0.020000 2 0 1 3 0 0 0 3 77CoHoRo.36
27583.090000 0.020000 0.020000 2 0 1 4 0 0 0 4 77CoHoRo.37
27582.730000 0.020000 0.020000 2 0 1 5 0 0 0 5 77CoHoRo.38
27582.300000 0.020000 0.020000 2 0 1 6 0 0 0 6 77CoHoRo.39
27581.790000 0.020000 0.020000 2 0 1 7 0 0 0 7 77CoHoRo.40
27581.220000 0.020000 0.020000 2 0 1 8 0 0 0 8 77CoHoRo.41
27580.570000 0.020000 0.020000 2 0 1 9 0 0 0 9 77CoHoRo.42
27579.850000 0.020000 0.020000 2 0 1 10 0 0 0 10 77CoHoRo.43
27579.060000 0.020000 0.020000 2 0 1 11 0 0 0 11 77CoHoRo.44
27578.200000 0.020000 0.020000 2 0 1 12 0 0 0 12 77CoHoRo.45
27577.270000 0.020000 0.020000 2 0 1 13 0 0 0 13 77CoHoRo.46
27576.260000 0.020000 0.020000 2 0 1 14 0 0 0 14 77CoHoRo.47
27575.180000 0.020000 0.020000 2 0 1 15 0 0 0 15 77CoHoRo.48
27574.030000 0.020000 0.020000 2 0 1 16 0 0 0 16 77CoHoRo.49
27572.820000 0.020000 0.020000 2 0 1 17 0 0 0 17 77CoHoRo.50
27571.540000 0.020000 0.020000 2 0 1 18 0 0 0 18 77CoHoRo.51
27570.150000 0.020000 0.020000 2 0 1 19 0 0 0 19 77CoHoRo.52
27568.710000 0.020000 0.020000 2 0 1 20 0 0 0 20 77CoHoRo.53
27567.200000 0.020000 0.020000 2 0 1 21 0 0 0 21 77CoHoRo.54
27565.610000 0.020000 0.020000 2 0 1 22 0 0 0 22 77CoHoRo.55
27563.950000 0.020000 0.020000 2 0 1 23 0 0 0 23 77CoHoRo.56
27562.210000 0.020000 0.020000 2 0 1 24 0 0 0 24 77CoHoRo.57
27560.420000 0.020000 0.020000 2 0 1 25 0 0 0 25 77CoHoRo.58
27558.540000 0.020000 0.020000 2 0 1 26 0 0 0 26 77CoHoRo.59
27556.600000 0.020000 0.020000 2 0 1 27 0 0 0 27 77CoHoRo.60
27554.530000 0.020000 0.020000 2 0 1 28 0 0 0 28 77CoHoRo.61
27552.500000 0.020000 0.020000 2 0 1 29 0 0 0 29 77CoHoRo.62
27550.310000 0.020000 0.020000 2 0 1 30 0 0 0 30 77CoHoRo.63
27548.070000 0.020000 0.020000 2 0 1 31 0 0 0 31 77CoHoRo.64
27545.770000 0.020000 0.020000 2 0 1 32 0 0 0 32 77CoHoRo.65
27543.380000 0.020000 0.020000 2 0 1 33 0 0 0 33 77CoHoRo.66
27540.880000 0.020000 0.020000 2 0 1 34 0 0 0 34 77CoHoRo.67
27538.350000 0.020000 0.020000 2 0 1 35 0 0 0 35 77CoHoRo.68
27535.730000 0.020000 0.020000 2 0 1 36 0 0 0 36 77CoHoRo.69
27533.050000 0.020000 0.020000 2 0 1 37 0 0 0 37 77CoHoRo.70
27530.390000 0.020000 0.020000 2 0 1 38 0 0 0 38 77CoHoRo.71
27580.500000 0.020000 0.020000 2 0 1 1 0 0 0 2 77CoHoRo.72
27578.720000 0.020000 0.020000 2 0 1 2 0 0 0 3 77CoHoRo.73
27576.880000 0.020000 0.020000 2 0 1 3 0 0 0 4 77CoHoRo.74
27574.940000 0.020000 0.020000 2 0 1 4 0 0 0 5 77CoHoRo.75
27572.820000 0.020000 0.020000 2 0 1 5 0 0 0 6 77CoHoRo.76
27570.850000 0.020000 0.020000 2 0 1 6 0 0 0 7 77CoHoRo.77
27568.710000 0.020000 0.020000 2 0 1 7 0 0 0 8 77CoHoRo.78
27566.510000 0.020000 0.020000 2 0 1 8 0 0 0 9 77CoHoRo.79
27564.220000 0.020000 0.020000 2 0 1 9 0 0 0 10 77CoHoRo.80
27561.880000 0.020000 0.020000 2 0 1 10 0 0 0 11 77CoHoRo.81
27559.450000 0.020000 0.020000 2 0 1 11 0 0 0 12 77CoHoRo.82
27556.950000 0.020000 0.020000 2 0 1 12 0 0 0 13 77CoHoRo.83
27554.410000 0.020000 0.020000 2 0 1 13 0 0 0 14 77CoHoRo.84
27551.750000 0.020000 0.020000 2 0 1 14 0 0 0 15 77CoHoRo.85
27549.040000 0.020000 0.020000 2 0 1 15 0 0 0 16 77CoHoRo.86
27546.240000 0.020000 0.020000 2 0 1 16 0 0 0 17 77CoHoRo.87
27543.380000 0.020000 0.020000 2 0 1 17 0 0 0 18 77CoHoRo.88
27540.470000 0.020000 0.020000 2 0 1 18 0 0 0 19 77CoHoRo.89
27537.460000 0.020000 0.020000 2 0 1 19 0 0 0 20 77CoHoRo.90
27534.390000 0.020000 0.020000 2 0 1 20 0 0 0 21 77CoHoRo.91
27531.230000 0.020000 0.020000 2 0 1 21 0 0 0 22 77CoHoRo.92
27528.030000 0.020000 0.020000 2 0 1 22 0 0 0 23 77CoHoRo.93
27524.750000 0.020000 0.020000 2 0 1 23 0 0 0 24 77CoHoRo.94
27521.380000 0.020000 0.020000 2 0 1 24 0 0 0 25 77CoHoRo.95
27517.940000 0.020000 0.020000 2 0 1 25 0 0 0 26 77CoHoRo.96
27514.420000 0.020000 0.020000 2 0 1 26 0 0 0 27 77CoHoRo.97
27510.890000 0.020000 0.020000 2 0 1 27 0 0 0 28 77CoHoRo.98
27507.200000 0.020000 0.020000 2 0 1 28 0 0 0 29 77CoHoRo.99
27503.540000 0.020000 0.020000 2 0 1 29 0 0 0 30 77CoHoRo.100
27499.740000 0.020000 0.020000 2 0 1 30 0 0 0 31 77CoHoRo.101
27495.870000 0.020000 0.020000 2 0 1 31 0 0 0 32 77CoHoRo.102
27491.940000 0.020000 0.020000 2 0 1 32 0 0 0 33 77CoHoRo.103
27488.020000 0.020000 0.020000 2 0 1 33 0 0 0 34 77CoHoRo.104
27483.830000 0.020000 0.020000 2 0 1 34 0 0 0 35 77CoHoRo.105
26313.180000 0.020000 0.020000 2 0 1 1 0 1 0 0 77CoHoRo.106
26314.770000 0.020000 0.020000 2 0 1 2 0 1 0 1 77CoHoRo.107
26316.210000 0.020000 0.020000 2 0 1 3 0 1 0 2 77CoHoRo.108
26317.560000 0.020000 0.020000 2 0 1 4 0 1 0 3 77CoHoRo.109
26318.840000 0.020000 0.020000 2 0 1 5 0 1 0 4 77CoHoRo.110
26320.040000 0.020000 0.020000 2 0 1 6 0 1 0 5 77CoHoRo.111
26321.320000 0.020000 0.020000 2 0 1 7 0 1 0 6 77CoHoRo.112
26322.430000 0.020000 0.020000 2 0 1 8 0 1 0 7 77CoHoRo.113
26323.540000 0.020000 0.020000 2 0 1 9 0 1 0 8 77CoHoRo.114
26324.420000 0.020000 0.020000 2 0 1 10 0 1 0 9 77CoHoRo.115
26325.470000 0.020000 0.020000 2 0 1 11 0 1 0 10 77CoHoRo.116
26326.400000 0.020000 0.020000 2 0 1 12 0 1 0 11 77CoHoRo.117
26327.200000 0.020000 0.020000 2 0 1 13 0 1 0 12 77CoHoRo.118
26328.040000 0.020000 0.020000 2 0 1 14 0 1 0 13 77CoHoRo.119
26328.710000 0.020000 0.020000 2 0 1 15 0 1 0 14 77CoHoRo.120
26329.430000 0.020000 0.020000 2 0 1 16 0 1 0 15 77CoHoRo.121
26330.010000 0.020000 0.020000 2 0 1 17 0 1 0 16 77CoHoRo.122
26330.590000 0.020000 0.020000 2 0 1 18 0 1 0 17 77CoHoRo.123
26330.960000 0.020000 0.020000 2 0 1 19 0 1 0 18 77CoHoRo.124
26331.420000 0.020000 0.020000 2 0 1 20 0 1 0 19 77CoHoRo.125
26331.800000 0.020000 0.020000 2 0 1 21 0 1 0 20 77CoHoRo.126
26332.020000 0.020000 0.020000 2 0 1 22 0 1 0 21 77CoHoRo.127
26332.320000 0.020000 0.020000 2 0 1 23 0 1 0 22 77CoHoRo.128
26332.550000 0.020000 0.020000 2 0 1 24 0 1 0 23 77CoHoRo.129
26332.550000 0.020000 0.020000 2 0 1 25 0 1 0 24 77CoHoRo.130
28706.240000 0.020000 0.020000 2 1 1 2 0 0 0 1 77CoHoRo.131
28707.680000 0.020000 0.020000 2 1 1 3 0 0 0 2 77CoHoRo.132
28708.850000 0.020000 0.020000 2 1 1 4 0 0 0 3 77CoHoRo.133
28710.170000 0.020000 0.020000 2 1 1 5 0 0 0 4 77CoHoRo.134
28711.290000 0.020000 0.020000 2 1 1 6 0 0 0 5 77CoHoRo.135
28712.290000 0.020000 0.020000 2 1 1 7 0 0 0 6 77CoHoRo.136
28713.080000 0.020000 0.020000 2 1 1 8 0 0 0 7 77CoHoRo.137
28714.080000 0.020000 0.020000 2 1 1 9 0 0 0 8 77CoHoRo.138
28714.870000 0.020000 0.020000 2 1 1 10 0 0 0 9 77CoHoRo.139
28715.520000 0.020000 0.020000 2 1 1 11 0 0 0 10 77CoHoRo.140
28716.150000 0.020000 0.020000 2 1 1 12 0 0 0 11 77CoHoRo.141
28716.660000 0.020000 0.020000 2 1 1 13 0 0 0 12 77CoHoRo.142
28717.090000 0.020000 0.020000 2 1 1 14 0 0 0 13 77CoHoRo.143
28717.440000 0.020000 0.020000 2 1 1 15 0 0 0 14 77CoHoRo.144
28717.690000 0.020000 0.020000 2 1 1 16 0 0 0 15 77CoHoRo.145
28717.880000 0.020000 0.020000 2 1 1 17 0 0 0 16 77CoHoRo.146
28718.000000 0.020000 0.020000 2 1 1 18 0 0 0 17 77CoHoRo.147
28718.000000 0.020000 0.020000 2 1 1 19 0 0 0 18 77CoHoRo.148
28717.880000 0.020000 0.020000 2 1 1 20 0 0 0 19 77CoHoRo.149
28717.690000 0.020000 0.020000 2 1 1 21 0 0 0 20 77CoHoRo.150
28717.440000 0.020000 0.020000 2 1 1 22 0 0 0 21 77CoHoRo.151
28717.090000 0.020000 0.020000 2 1 1 23 0 0 0 22 77CoHoRo.152
28716.660000 0.020000 0.020000 2 1 1 24 0 0 0 23 77CoHoRo.153
28716.150000 0.020000 0.020000 2 1 1 25 0 0 0 24 77CoHoRo.154
27432.690000 0.020000 0.020000 2 1 1 1 0 1 0 0 77CoHoRo.155
27434.060000 0.020000 0.020000 2 1 1 2 0 1 0 1 77CoHoRo.156
27435.520000 0.020000 0.020000 2 1 1 3 0 1 0 2 77CoHoRo.157
27436.900000 0.020000 0.020000 2 1 1 4 0 1 0 3 77CoHoRo.158
27438.140000 0.020000 0.020000 2 1 1 5 0 1 0 4 77CoHoRo.159
27439.380000 0.020000 0.020000 2 1 1 6 0 1 0 5 77CoHoRo.160
27440.450000 0.020000 0.020000 2 1 1 7 0 1 0 6 77CoHoRo.161
27441.470000 0.020000 0.020000 2 1 1 8 0 1 0 7 77CoHoRo.162
27442.470000 0.020000 0.020000 2 1 1 9 0 1 0 8 77CoHoRo.163
27443.290000 0.020000 0.020000 2 1 1 10 0 1 0 9 77CoHoRo.164
27444.090000 0.020000 0.020000 2 1 1 11 0 1 0 10 77CoHoRo.165
27444.840000 0.020000 0.020000 2 1 1 12 0 1 0 11 77CoHoRo.166
27445.500000 0.020000 0.020000 2 1 1 13 0 1 0 12 77CoHoRo.167
27446.070000 0.020000 0.020000 2 1 1 14 0 1 0 13 77CoHoRo.168
27446.580000 0.020000 0.020000 2 1 1 15 0 1 0 14 77CoHoRo.169
27447.030000 0.020000 0.020000 2 1 1 16 0 1 0 15 77CoHoRo.170
27447.420000 0.020000 0.020000 2 1 1 17 0 1 0 16 77CoHoRo.171
27447.730000 0.020000 0.020000 2 1 1 18 0 1 0 17 77CoHoRo.172
27447.960000 0.020000 0.020000 2 1 1 19 0 1 0 18 77CoHoRo.173
27447.960000 0.020000 0.020000 2 1 1 20 0 1 0 19 77CoHoRo.174
27447.960000 0.020000 0.020000 2 1 1 21 0 1 0 20 77CoHoRo.175
27447.960000 0.020000 0.020000 2 1 1 22 0 1 0 21 77CoHoRo.176
27447.960000 0.020000 0.020000 2 1 1 23 0 1 0 22 77CoHoRo.177
27447.730000 0.020000 0.020000 2 1 1 24 0 1 0 23 77CoHoRo.178
66221.340000 0.200000 0.200000 4 1 0 0 0 0 0 1 87StYoSm.1
66219.900000 0.200000 0.200000 4 1 0 1 0 0 0 2 87StYoSm.2
66218.430000 0.200000 0.200000 4 1 0 2 0 0 0 3 87StYoSm.3
66217.070000 0.200000 0.200000 4 1 0 3 0 0 0 4 87StYoSm.4
66215.870000 0.200000 0.200000 4 1 0 4 0 0 0 5 87StYoSm.5
66214.760000 0.200000 0.200000 4 1 0 5 0 0 0 6 87StYoSm.6
66226.510000 0.200000 0.200000 4 1 0 1 0 0 0 0 87StYoSm.7
66228.300000 0.200000 0.200000 4 1 0 2 0 0 0 1 87StYoSm.8
66230.170000 0.200000 0.200000 4 1 0 3 0 0 0 2 87StYoSm.9
66232.010000 0.200000 0.200000 4 1 0 4 0 0 0 3 87StYoSm.10
66233.990000 0.200000 0.200000 4 1 0 5 0 0 0 4 87StYoSm.11
66236.070000 0.200000 0.200000 4 1 0 6 0 0 0 5 87StYoSm.12
66238.200000 0.200000 0.200000 4 1 0 7 0 0 0 6 87StYoSm.13
66240.420000 0.200000 0.200000 4 1 0 8 0 0 0 7 87StYoSm.14
66242.630000 0.200000 0.200000 4 1 0 9 0 0 0 8 87StYoSm.15
66244.880000 0.200000 0.200000 4 1 0 10 0 0 0 9 87StYoSm.16
66247.310000 0.200000 0.200000 4 1 0 11 0 0 0 10 87StYoSm.17
66249.820000 0.200000 0.200000 4 1 0 12 0 0 0 11 87StYoSm.18
66252.350000 0.200000 0.200000 4 1 0 13 0 0 0 12 87StYoSm.19
66254.940000 0.200000 0.200000 4 1 0 14 0 0 0 13 87StYoSm.20
66257.640000 0.200000 0.200000 4 1 0 15 0 0 0 14 87StYoSm.21
66260.280000 0.200000 0.200000 4 1 0 16 0 0 0 15 87StYoSm.22
66263.140000 0.200000 0.200000 4 1 0 17 0 0 0 16 87StYoSm.23
66266.080000 0.200000 0.200000 4 1 0 18 0 0 0 17 87StYoSm.24
66268.970000 0.200000 0.200000 4 1 0 19 0 0 0 18 87StYoSm.25
66271.990000 0.200000 0.200000 4 1 0 20 0 0 0 19 87StYoSm.26
66275.060000 0.200000 0.200000 4 1 0 21 0 0 0 20 87StYoSm.27
66278.240000 0.200000 0.200000 4 1 0 22 0 0 0 21 87StYoSm.28
66281.470000 0.200000 0.200000 4 1 0 23 0 0 0 22 87StYoSm.29
66284.710000 0.200000 0.200000 4 1 0 24 0 0 0 23 87StYoSm.30
66288.020000 0.200000 0.200000 4 1 0 25 0 0 0 24 87StYoSm.31
66291.500000 0.200000 0.200000 4 1 0 26 0 0 0 25 87StYoSm.32
66295.000000 0.200000 0.200000 4 1 0 27 0 0 0 26 87StYoSm.33
66298.580000 0.200000 0.200000 4 1 0 28 0 0 0 27 87StYoSm.34
66302.190000 0.200000 0.200000 4 1 0 29 0 0 0 28 87StYoSm.35
66305.910000 0.200000 0.200000 4 1 0 30 0 0 0 29 87StYoSm.36
66309.600000 0.200000 0.200000 4 1 0 31 0 0 0 30 87StYoSm.37
66313.370000 0.200000 0.200000 4 1 0 32 0 0 0 31 87StYoSm.38
66317.390000 0.200000 0.200000 4 1 0 33 0 0 0 32 87StYoSm.39
66321.240000 0.200000 0.200000 4 1 0 34 0 0 0 33 87StYoSm.40
66325.340000 0.200000 0.200000 4 1 0 35 0 0 0 34 87StYoSm.41
66329.430000 0.200000 0.200000 4 1 0 36 0 0 0 35 87StYoSm.42
