1094.719760 0.0003 0.0003 1 73 0 74 15CoHa.811
1099.231087 0.0003 0.0003 1 71 0 72 15CoHa.812
1103.709687 0.0003 0.0003 1 69 0 70 15CoHa.813
1108.149471 0.0003 0.0003 1 67 0 68 15CoHa.814
1121.253687 0.0003 0.0003 1 61 0 62 15CoHa.815
1125.547984 0.0003 0.0003 1 59 0 60 15CoHa.816
1129.808052 0.0003 0.0003 1 57 0 58 15CoHa.817
1134.028927 0.0003 0.0003 1 55 0 56 15CoHa.818
1217.880455 0.0003 0.0003 1 3 0 4 15CoHa.819
1220.997035 0.0003 0.0003 1 1 0 2 15CoHa.820
1292.533000 0.0003 0.0003 1 57 0 56 15CoHa.821
1294.227088 0.0003 0.0003 1 59 0 58 15CoHa.822
1295.870845 0.0003 0.0003 1 61 0 60 15CoHa.823
1297.462150 0.0003 0.0003 1 63 0 62 15CoHa.824
1301.939052 0.0003 0.0003 1 69 0 68 15CoHa.825
1303.323530 0.0003 0.0003 1 71 0 70 15CoHa.826
1089.992782 0.0003 0.0003 2 70 1 71 15CoHa.827
1094.431907 0.0003 0.0003 2 68 1 69 15CoHa.828
1111.817291 0.0003 0.0003 2 60 1 61 15CoHa.829
1116.072368 0.0003 0.0003 2 58 1 59 15CoHa.830
1120.292799 0.0003 0.0003 2 56 1 57 15CoHa.831
1136.793169 0.0003 0.0003 2 48 1 49 15CoHa.832
1160.401001 0.0003 0.0003 2 36 1 37 15CoHa.833
1164.198842 0.0003 0.0003 2 34 1 35 15CoHa.834
1182.592121 0.0003 0.0003 2 24 1 25 15CoHa.835
1080.745971 0.0003 0.0003 3 69 2 70 15CoHa.836
1085.143375 0.0003 0.0003 3 67 2 68 15CoHa.837
1102.374194 0.0003 0.0003 3 59 2 60 15CoHa.838
1106.588495 0.0003 0.0003 3 57 2 58 15CoHa.839
1110.768614 0.0003 0.0003 3 55 2 56 15CoHa.840
1199.383201 0.0003 0.0003 3 7 2 8 15CoHa.841
1202.561940 0.0003 0.0003 3 5 2 6 15CoHa.842
1205.701798 0.0003 0.0003 3 3 2 4 15CoHa.843
1208.794229 0.0003 0.0003 3 1 2 2 15CoHa.844
1216.344901 0.0003 0.0003 3 3 2 2 15CoHa.845
1219.289993 0.0003 0.0003 3 5 2 4 15CoHa.846
1222.187764 0.0003 0.0003 3 7 2 6 15CoHa.847
1225.046863 0.0003 0.0003 3 9 2 8 15CoHa.848
1097.093473 0.0003 0.0003 4 56 3 57 15CoHa.849
1188.850787 0.0003 0.0003 4 6 3 7 15CoHa.850
1191.989872 0.0003 0.0003 4 4 3 5 15CoHa.851
1195.086066 0.0003 0.0003 4 2 3 3 15CoHa.852
1205.578304 0.0003 0.0003 4 4 3 3 15CoHa.853
1208.480674 0.0003 0.0003 4 6 3 5 15CoHa.854
1211.335722 0.0003 0.0003 4 8 3 7 15CoHa.855
1260.686060 0.0003 0.0003 4 50 3 49 15CoHa.856
1264.283898 0.0003 0.0003 4 54 3 53 15CoHa.857
1267.683216 0.0003 0.0003 4 58 3 57 15CoHa.858
1269.306960 0.0003 0.0003 4 60 3 59 15CoHa.859
1273.875753 0.0003 0.0003 4 66 3 65 15CoHa.860
1275.297314 0.0003 0.0003 4 68 3 67 15CoHa.861
1276.665027 0.0003 0.0003 4 70 3 69 15CoHa.862
1111.616769 0.0003 0.0003 5 43 4 44 15CoHa.863
1119.318081 0.0003 0.0003 5 39 4 40 15CoHa.864
1141.481985 0.0003 0.0003 5 27 4 28 15CoHa.865
1171.992110 0.0003 0.0003 5 9 4 10 15CoHa.866
1175.171635 0.0003 0.0003 5 7 4 8 15CoHa.867
1213.852859 0.0003 0.0003 5 19 4 18 15CoHa.868
1221.334922 0.0003 0.0003 5 25 4 24 15CoHa.869
1230.665675 0.0003 0.0003 5 33 4 32 15CoHa.870
1247.034796 0.0003 0.0003 5 49 4 48 15CoHa.871
1248.859818 0.0003 0.0003 5 51 4 50 15CoHa.872
1250.637722 0.0003 0.0003 5 53 4 52 15CoHa.873
1254.041014 0.0003 0.0003 5 57 4 56 15CoHa.874
1257.246331 0.0003 0.0003 5 61 4 60 15CoHa.875
1263.040751 0.0003 0.0003 5 69 4 68 15CoHa.876
1264.361828 0.0003 0.0003 5 71 4 70 15CoHa.877
1233.2217 0.0037 0.0037 1 1 0 2 79ToOl.93
1231.6518 0.0037 0.0037 1 2 0 3 79ToOl.94
1230.0779 0.0037 0.0037 1 3 0 4 79ToOl.95
1228.4911 0.0037 0.0037 1 4 0 5 79ToOl.96
1218.7598 0.0037 0.0037 1 10 0 11 79ToOl.97
1217.0966 0.0037 0.0037 1 11 0 12 79ToOl.98
1215.4266 0.0037 0.0037 1 12 0 13 79ToOl.99
1205.1884 0.0037 0.0037 1 18 0 19 79ToOl.100
1203.4368 0.0037 0.0037 1 19 0 20 79ToOl.101
1181.7250 0.0037 0.0037 1 31 0 32 79ToOl.102
1239.3691 0.0037 0.0037 1 2 0 1 79ToOl.103
1240.8778 0.0037 0.0037 1 3 0 2 79ToOl.104
1242.3794 0.0037 0.0037 1 4 0 3 79ToOl.105
1243.8669 0.0037 0.0037 1 5 0 4 79ToOl.106
1264.8507 0.0037 0.0037 1 20 0 19 79ToOl.107
1266.1575 0.0037 0.0037 1 21 0 20 79ToOl.108
1204.9900 0.0037 0.0037 2 11 1 12 79ToOl.109
1203.3168 0.0037 0.0037 2 12 1 13 79ToOl.110
1241.6006 0.0037 0.0037 2 12 1 11 79ToOl.111
46247.567000 0.050000 0.050000 0 1 0 0 82BoDeDe.102
92494.306000 0.050000 0.050000 0 2 0 1 82BoDeDe.103
138739.335000 0.050000 0.050000 0 3 0 2 82BoDeDe.104
184981.772000 0.080000 0.080000 0 4 0 3 82BoDeDe.105
231220.996000 0.200000 0.200000 0 5 0 4 82BoDeDe.106
277455.461000 0.100000 0.100000 0 6 0 5 82BoDeDe.107
45922.075000 0.050000 0.050000 1 1 1 0 82BoDeDe.108
91843.263000 0.050000 0.050000 1 2 1 1 82BoDeDe.109
137762.782000 0.080000 0.080000 1 3 1 2 82BoDeDe.110
183679.644000 0.060000 0.060000 1 4 1 3 82BoDeDe.111
275502.400000 0.150000 0.150000 1 6 1 5 82BoDeDe.112
45596.425000 0.050000 0.050000 2 1 2 0 82BoDeDe.113
91192.021000 0.080000 0.080000 2 2 2 1 82BoDeDe.114
182377.119000 0.080000 0.080000 2 4 2 3 82BoDeDe.115
45270.625000 0.050000 0.050000 3 1 3 0 82BoDeDe.116
90540.424000 0.100000 0.100000 3 2 3 1 82BoDeDe.117
181074.153000 0.120000 0.120000 3 4 3 3 82BoDeDe.118
277455.405000 0.030000 0.030000 0 6 0 5 99AhWi.134
323684.995000 0.030000 0.030000 0 7 0 6 99AhWi.135
600906.480000 0.030000 0.030000 0 13 0 12 99AhWi.136
647076.150000 0.049999 0.049999 0 14 0 13 99AhWi.137
923812.235000 0.049999 0.049999 0 20 0 19 99AhWi.138
969879.720000 0.200001 0.200001 0 21 0 20 99AhWi.139
1015929.415000 0.049999 0.049999 0 22 0 21 99AhWi.140
1061960.275000 0.500000 0.500000 0 23 0 22 99AhWi.141
275502.230000 0.030000 0.030000 1 6 1 5 99AhWi.142
321406.250000 0.049999 0.049999 1 7 1 6 99AhWi.143
596674.330000 0.099999 0.099999 1 13 1 12 99AhWi.144
642518.455000 0.200001 0.200001 1 14 1 13 99AhWi.145
917300.390000 0.060000 0.060000 1 20 1 19 99AhWi.146
963042.375000 0.080000 0.080000 1 21 1 20 99AhWi.147
1054471.425000 0.099999 0.099999 1 23 1 22 99AhWi.148
273548.395000 0.049999 0.049999 2 6 2 5 99AhWi.149
319126.740000 0.049999 0.049999 2 7 2 6 99AhWi.150
592440.510000 0.099999 0.099999 2 13 2 12 99AhWi.151
637958.925000 0.200001 0.200001 2 14 2 13 99AhWi.152
910786.485000 0.099999 0.099999 2 20 2 19 99AhWi.153
1046979.895000 0.500000 0.500000 2 23 2 22 99AhWi.154
316846.320000 0.049999 0.049999 3 7 3 6 99AhWi.155
588205.592000 0.099999 0.099999 3 13 3 12 99AhWi.156
633397.980000 0.200001 0.200001 3 14 3 13 99AhWi.157
904269.965000 0.060000 0.060000 3 20 3 19 99AhWi.158
949360.015000 0.200001 0.200001 3 21 3 20 99AhWi.159
1039485.365000 0.200001 0.200001 3 23 3 22 99AhWi.160
1031987.950000 0.200001 0.200001 4 23 4 22 99AhWi.161
935666.850000 0.200001 0.200001 5 21 5 20 99AhWi.162
980086.750000 0.500000 0.500000 5 22 5 21 99AhWi.163
1024487.455000 0.500000 0.500000 5 23 5 22 99AhWi.164
46247.472000 0.020000 0.020000 0 1 0 0 55MoBi.4
1234.774020 0.000260 0.000260 1 0 0 1 87BuLoHaHo.230
1237.847020 0.000260 0.000260 1 1 0 0 87BuLoHaHo.231
1233.219730 0.000260 0.000260 1 1 0 2 87BuLoHaHo.232
1239.369180 0.000260 0.000260 1 2 0 1 87BuLoHaHo.233
1240.878090 0.000260 0.000260 1 3 0 2 87BuLoHaHo.234
1230.080310 0.000260 0.000260 1 3 0 4 87BuLoHaHo.235
1242.377470 0.000260 0.000260 1 4 0 3 87BuLoHaHo.236
1228.494850 0.000260 0.000260 1 4 0 5 87BuLoHaHo.237
1243.865680 0.000260 0.000260 1 5 0 4 87BuLoHaHo.238
1226.898210 0.000260 0.000260 1 5 0 6 87BuLoHaHo.239
1245.342710 0.000260 0.000260 1 6 0 5 87BuLoHaHo.240
1225.290990 0.000260 0.000260 1 6 0 7 87BuLoHaHo.241
1246.808780 0.000260 0.000260 1 7 0 6 87BuLoHaHo.242
1223.673050 0.000260 0.000260 1 7 0 8 87BuLoHaHo.243
1248.263680 0.000260 0.000260 1 8 0 7 87BuLoHaHo.244
1249.707950 0.000260 0.000260 1 9 0 8 87BuLoHaHo.245
1220.405470 0.000260 0.000260 1 9 0 10 87BuLoHaHo.246
1251.140710 0.000260 0.000260 1 10 0 9 87BuLoHaHo.247
1218.755620 0.000260 0.000260 1 10 0 11 87BuLoHaHo.248
1252.562060 0.000260 0.000260 1 11 0 10 87BuLoHaHo.249
1217.095500 0.000260 0.000260 1 11 0 12 87BuLoHaHo.250
1253.972870 0.000260 0.000260 1 12 0 11 87BuLoHaHo.251
1215.424640 0.000260 0.000260 1 12 0 13 87BuLoHaHo.252
1255.372070 0.000260 0.000260 1 13 0 12 87BuLoHaHo.253
1213.743900 0.000260 0.000260 1 13 0 14 87BuLoHaHo.254
1256.759720 0.000260 0.000260 1 14 0 13 87BuLoHaHo.255
1212.052090 0.000260 0.000260 1 14 0 15 87BuLoHaHo.256
1258.136650 0.000260 0.000260 1 15 0 14 87BuLoHaHo.257
1210.349400 0.000260 0.000260 1 15 0 16 87BuLoHaHo.258
1259.502050 0.000260 0.000260 1 16 0 15 87BuLoHaHo.259
1208.637360 0.000260 0.000260 1 16 0 17 87BuLoHaHo.260
1260.856040 0.000260 0.000260 1 17 0 16 87BuLoHaHo.261
1206.914160 0.000260 0.000260 1 17 0 18 87BuLoHaHo.262
1262.198970 0.000260 0.000260 1 18 0 17 87BuLoHaHo.263
1205.180750 0.000260 0.000260 1 18 0 19 87BuLoHaHo.264
1263.530360 0.000260 0.000260 1 19 0 18 87BuLoHaHo.265
1203.437260 0.000260 0.000260 1 19 0 20 87BuLoHaHo.266
1264.850770 0.000260 0.000260 1 20 0 19 87BuLoHaHo.267
1201.683860 0.000260 0.000260 1 20 0 21 87BuLoHaHo.268
1266.159110 0.000260 0.000260 1 21 0 20 87BuLoHaHo.269
1199.920110 0.000260 0.000260 1 21 0 22 87BuLoHaHo.270
1267.456360 0.000260 0.000260 1 22 0 21 87BuLoHaHo.271
1198.145260 0.000260 0.000260 1 22 0 23 87BuLoHaHo.272
1268.741940 0.000260 0.000260 1 23 0 22 87BuLoHaHo.273
1270.015930 0.000260 0.000260 1 24 0 23 87BuLoHaHo.274
1271.278160 0.000260 0.000260 1 25 0 24 87BuLoHaHo.275
1272.529630 0.000260 0.000260 1 26 0 25 87BuLoHaHo.276
1273.767890 0.000260 0.000260 1 27 0 26 87BuLoHaHo.277
1274.996940 0.000260 0.000260 1 28 0 27 87BuLoHaHo.278
1276.212310 0.000260 0.000260 1 29 0 28 87BuLoHaHo.279
