1243.7087 0.0034 0.0034 1 10 0 11 79ToOl.66
1241.9762 0.0034 0.0034 1 11 0 12 79ToOl.67
1240.2327 0.0034 0.0034 1 12 0 13 79ToOl.68
1238.4750 0.0034 0.0034 1 13 0 14 79ToOl.69
1233.1445 0.0034 0.0034 1 16 0 17 79ToOl.70
1231.3469 0.0034 0.0034 1 17 0 18 79ToOl.71
1229.5293 0.0034 0.0034 1 18 0 19 79ToOl.72
1227.7077 0.0034 0.0034 1 19 0 20 79ToOl.73
1218.4356 0.0034 0.0034 1 24 0 25 79ToOl.74
1216.5546 0.0034 0.0034 1 25 0 26 79ToOl.75
1214.6571 0.0034 0.0034 1 26 0 27 79ToOl.76
1205.0114 0.0034 0.0034 1 31 0 32 79ToOl.77
1203.0422 0.0034 0.0034 1 32 0 33 79ToOl.78
1180.7794 0.0034 0.0034 1 43 0 44 79ToOl.79
1263.6179 0.0034 0.0034 1 1 0 0 79ToOl.80
1265.2065 0.0034 0.0034 1 2 0 1 79ToOl.81
1241.1674 0.0034 0.0034 2 4 1 5 79ToOl.82
1239.5135 0.0034 0.0034 2 5 1 6 79ToOl.83
1232.7874 0.0034 0.0034 2 9 1 10 79ToOl.84
1218.7923 0.0034 0.0034 2 17 1 18 79ToOl.85
1216.9891 0.0034 0.0034 2 18 1 19 79ToOl.86
1215.1810 0.0034 0.0034 2 19 1 20 79ToOl.87
1205.9558 0.0034 0.0034 2 24 1 25 79ToOl.88
1202.2021 0.0034 0.0034 2 26 1 27 79ToOl.89
1180.7555 0.0034 0.0034 2 37 1 38 79ToOl.90
1264.5847 0.0034 0.0034 2 10 1 9 79ToOl.91
1266.0555 0.0034 0.0034 2 11 1 10 79ToOl.92
96412.949500 0.001100 0.001100 0 2 0 1 03GoMyTh.10
144617.100700 0.001400 0.001400 0 3 0 2 03GoMyTh.11
192818.456600 0.001200 0.001200 0 4 0 3 03GoMyTh.12
241016.089200 0.000400 0.000400 0 5 0 4 03GoMyTh.13
289209.068400 0.001100 0.001100 0 6 0 5 03GoMyTh.14
337396.459000 0.000600 0.000600 0 7 0 6 03GoMyTh.15
385577.336000 0.003400 0.003400 0 8 0 7 03GoMyTh.16
433750.763000 0.001200 0.001200 0 9 0 8 03GoMyTh.17
481915.810500 0.001200 0.001200 0 10 0 9 03GoMyTh.18
48206.941100 0.003400 0.003400 0 1 0 0 03KiYa.44
47860.468100 0.003400 0.003400 1 1 1 0 03KiYa.45
47513.874500 0.003400 0.003400 2 1 2 0 03KiYa.46
47167.151300 0.003400 0.003400 3 1 3 0 03KiYa.47
46820.288800 0.003400 0.003400 4 1 4 0 03KiYa.48
46473.275200 0.003400 0.003400 5 1 5 0 03KiYa.49
46126.099900 0.003400 0.003400 6 1 6 0 03KiYa.50
45778.749900 0.003400 0.003400 7 1 7 0 03KiYa.51
45431.209600 0.003400 0.003400 8 1 8 0 03KiYa.52
45083.465900 0.003400 0.003400 9 1 9 0 03KiYa.53
44735.499000 0.003400 0.003400 10 1 10 0 03KiYa.54
44387.291300 0.003400 0.003400 11 1 11 0 03KiYa.55
44038.819500 0.003400 0.003400 12 1 12 0 03KiYa.56
43690.066000 0.003400 0.003400 13 1 13 0 03KiYa.57
43341.015900 0.003400 0.003400 14 1 14 0 03KiYa.58
42991.613200 0.003400 0.003400 15 1 15 0 03KiYa.59
42641.853800 0.003400 0.003400 16 1 16 0 03KiYa.60
48206.915000 0.050000 0.050000 0 1 0 0 82BoDeDe.73
96412.940000 0.050000 0.050000 0 2 0 1 82BoDeDe.74
144617.109000 0.050000 0.050000 0 3 0 2 82BoDeDe.75
192818.464000 0.080000 0.080000 0 4 0 3 82BoDeDe.76
241016.194000 0.080000 0.080000 0 5 0 4 82BoDeDe.77
289209.230000 0.080000 0.080000 0 6 0 5 82BoDeDe.78
47860.477000 0.050000 0.050000 1 1 1 0 82BoDeDe.79
95720.073000 0.050000 0.050000 1 2 1 1 82BoDeDe.80
143577.747000 0.050000 0.050000 1 3 1 2 82BoDeDe.81
191432.647000 0.080000 0.080000 1 4 1 3 82BoDeDe.82
239283.893000 0.080000 0.080000 1 5 1 4 82BoDeDe.83
287130.314000 0.120000 0.120000 1 6 1 5 82BoDeDe.84
47513.892000 0.050000 0.050000 2 1 2 0 82BoDeDe.85
95026.877000 0.050000 0.050000 2 2 2 1 82BoDeDe.86
142537.956000 0.080000 0.080000 2 3 2 2 82BoDeDe.87
190046.251000 0.080000 0.080000 2 4 2 3 82BoDeDe.88
285050.631000 0.200000 0.200000 2 6 2 5 82BoDeDe.89
47167.168000 0.050000 0.050000 3 1 3 0 82BoDeDe.90
94333.485000 0.100000 0.100000 3 2 3 1 82BoDeDe.91
141497.811000 0.080000 0.080000 3 3 3 2 82BoDeDe.92
188659.349000 0.100000 0.100000 3 4 3 3 82BoDeDe.93
46820.335000 0.050000 0.050000 4 1 4 0 82BoDeDe.94
93639.620000 0.100000 0.100000 4 2 4 1 82BoDeDe.95
140457.195000 0.080000 0.080000 4 3 4 2 82BoDeDe.96
187271.920000 0.150000 0.150000 4 4 4 3 82BoDeDe.97
46473.300000 0.050000 0.050000 5 1 5 0 82BoDeDe.98
139416.228000 0.080000 0.080000 5 3 5 2 82BoDeDe.99
138374.740000 0.100000 0.100000 6 3 6 2 82BoDeDe.100
137332.690000 0.150000 0.150000 7 3 7 2 82BoDeDe.101
578217.069000 0.019999 0.019999 0 12 0 11 99AhWi.85
626351.384000 0.019999 0.019999 0 13 0 12 99AhWi.86
914870.705000 0.049999 0.049999 0 19 0 18 99AhWi.87
962900.785000 0.049999 0.049999 0 20 0 19 99AhWi.88
1010912.265000 0.049999 0.049999 0 21 0 20 99AhWi.89
1058904.175000 0.049999 0.049999 0 22 0 21 99AhWi.90
574059.122000 0.030000 0.030000 1 12 1 11 99AhWi.91
621846.900000 0.019999 0.019999 1 13 1 12 99AhWi.92
669622.570000 0.049999 0.049999 1 14 1 13 99AhWi.93
908286.590000 0.030000 0.030000 1 19 1 18 99AhWi.94
955970.050000 0.080000 0.080000 1 20 1 19 99AhWi.95
1003634.835000 0.049999 0.049999 1 21 1 20 99AhWi.96
569899.705000 0.019999 0.019999 2 12 2 11 99AhWi.97
617340.853000 0.019999 0.019999 2 13 2 12 99AhWi.98
664769.770000 0.049999 0.049999 2 14 2 13 99AhWi.99
901700.160000 0.030000 0.030000 2 19 2 18 99AhWi.100
949036.760000 0.049999 0.049999 2 20 2 19 99AhWi.101
996354.750000 0.049999 0.049999 2 21 2 20 99AhWi.102
1043653.215000 0.049999 0.049999 2 22 2 21 99AhWi.103
282970.285000 0.200001 0.200001 3 6 3 5 99AhWi.104
612832.820000 0.019999 0.019999 3 13 3 12 99AhWi.105
659915.400000 0.200001 0.200001 3 14 3 13 99AhWi.106
895111.105000 0.060000 0.060000 3 19 3 18 99AhWi.107
942100.855000 0.049999 0.049999 3 20 3 19 99AhWi.108
989071.790000 0.500000 0.500000 3 21 3 20 99AhWi.109
1036023.355000 0.099999 0.099999 3 22 3 21 99AhWi.110
280889.065000 0.080000 0.080000 4 6 4 5 99AhWi.111
327698.645000 0.080000 0.080000 4 7 4 6 99AhWi.112
608323.260000 0.019999 0.019999 4 13 4 12 99AhWi.113
655058.665000 0.200001 0.200001 4 14 4 13 99AhWi.114
935162.085000 0.080000 0.080000 4 20 4 19 99AhWi.115
981786.075000 0.099999 0.099999 4 21 4 20 99AhWi.116
325260.475000 0.099999 0.099999 5 7 5 6 99AhWi.117
603811.950000 0.030000 0.030000 5 13 5 12 99AhWi.118
650199.950000 0.200001 0.200001 5 14 5 13 99AhWi.119
928220.365000 0.099999 0.099999 5 20 5 19 99AhWi.120
322830.205000 0.200001 0.200001 6 7 6 6 99AhWi.121
921275.095000 0.500000 0.500000 6 20 6 19 99AhWi.122
1013113.935000 0.200001 0.200001 6 22 6 21 99AhWi.123
320398.750000 0.200001 0.200001 7 7 7 6 99AhWi.124
317965.795000 0.200001 0.200001 8 7 8 6 99AhWi.125
900416.885000 0.049999 0.049999 9 20 9 19 99AhWi.126
48206.948000 0.006000 0.006000 0 1 0 0 55MoBi.3
96412.953000 0.015000 0.015000 0 2 0 1 63KeSaWiGo.5
144617.117000 0.008000 0.008000 0 3 0 2 63KeSaWiGo.6
2518.995300 0.005000 0.005000 2 5 0 4 84WiDaPeBr.124
2524.730700 0.005000 0.005000 2 9 0 8 84WiDaPeBr.125
2526.097100 0.001000 0.001000 2 10 0 9 84WiDaPeBr.126
2527.456100 0.005000 0.005000 2 11 0 10 84WiDaPeBr.127
2488.589500 0.001000 0.001000 2 12 0 13 84WiDaPeBr.128
2530.080600 0.001000 0.001000 2 13 0 12 84WiDaPeBr.129
2486.690600 0.001000 0.001000 2 13 0 14 84WiDaPeBr.130
2531.361700 0.001000 0.001000 2 14 0 13 84WiDaPeBr.131
2484.755700 0.001000 0.001000 2 14 0 15 84WiDaPeBr.132
2532.618600 0.001000 0.001000 2 15 0 14 84WiDaPeBr.133
2533.854600 0.001000 0.001000 2 16 0 15 84WiDaPeBr.134
2480.836600 0.001000 0.001000 2 16 0 17 84WiDaPeBr.135
2476.811300 0.001000 0.001000 2 18 0 19 84WiDaPeBr.136
2537.412700 0.001000 0.001000 2 19 0 18 84WiDaPeBr.137
2538.553200 0.001000 0.001000 2 20 0 19 84WiDaPeBr.138
2472.714700 0.001000 0.001000 2 20 0 21 84WiDaPeBr.139
2539.669900 0.001000 0.001000 2 21 0 20 84WiDaPeBr.140
2470.625900 0.001000 0.001000 2 21 0 22 84WiDaPeBr.141
2540.761900 0.001000 0.001000 2 22 0 21 84WiDaPeBr.142
2541.829200 0.001000 0.001000 2 23 0 22 84WiDaPeBr.143
2466.388200 0.001000 0.001000 2 23 0 24 84WiDaPeBr.144
2542.868500 0.001000 0.001000 2 24 0 23 84WiDaPeBr.145
2543.888600 0.001000 0.001000 2 25 0 24 84WiDaPeBr.146
2462.052300 0.001000 0.001000 2 25 0 26 84WiDaPeBr.147
2544.892500 0.001000 0.001000 2 26 0 25 84WiDaPeBr.148
2545.866200 0.001000 0.001000 2 27 0 26 84WiDaPeBr.149
2457.640300 0.001000 0.001000 2 27 0 28 84WiDaPeBr.150
2546.813700 0.001000 0.001000 2 28 0 27 84WiDaPeBr.151
2547.730800 0.001000 0.001000 2 29 0 28 84WiDaPeBr.152
2453.129200 0.001000 0.001000 2 29 0 30 84WiDaPeBr.153
2548.642200 0.001000 0.001000 2 30 0 29 84WiDaPeBr.154
2450.838700 0.001000 0.001000 2 30 0 31 84WiDaPeBr.155
2549.516000 0.001000 0.001000 2 31 0 30 84WiDaPeBr.156
2448.534600 0.001000 0.001000 2 31 0 32 84WiDaPeBr.157
2550.360800 0.001000 0.001000 2 32 0 31 84WiDaPeBr.158
2446.202100 0.001000 0.001000 2 32 0 33 84WiDaPeBr.159
2551.201200 0.001000 0.001000 2 33 0 32 84WiDaPeBr.160
2552.000400 0.001000 0.001000 2 34 0 33 84WiDaPeBr.161
2441.474200 0.001000 0.001000 2 34 0 35 84WiDaPeBr.162
2552.778300 0.001000 0.001000 2 35 0 34 84WiDaPeBr.163
2439.073400 0.001000 0.001000 2 35 0 36 84WiDaPeBr.164
2553.535500 0.001000 0.001000 2 36 0 35 84WiDaPeBr.165
2436.660000 0.001000 0.001000 2 36 0 37 84WiDaPeBr.166
2434.210600 0.001000 0.001000 2 37 0 38 84WiDaPeBr.167
2554.974300 0.001000 0.001000 2 38 0 37 84WiDaPeBr.168
2431.747900 0.001000 0.001000 2 38 0 39 84WiDaPeBr.169
2429.263500 0.001000 0.001000 2 39 0 40 84WiDaPeBr.170
2426.744700 0.001000 0.001000 2 40 0 41 84WiDaPeBr.171
2424.217200 0.001000 0.001000 2 41 0 42 84WiDaPeBr.172
2557.551500 0.001000 0.001000 2 42 0 41 84WiDaPeBr.173
2558.148000 0.001000 0.001000 2 43 0 42 84WiDaPeBr.174
2419.098200 0.001000 0.001000 2 43 0 44 84WiDaPeBr.175
2558.704000 0.001000 0.001000 2 44 0 43 84WiDaPeBr.176
2416.495900 0.001000 0.001000 2 44 0 45 84WiDaPeBr.177
2559.240200 0.001000 0.001000 2 45 0 44 84WiDaPeBr.178
2413.884900 0.001000 0.001000 2 45 0 46 84WiDaPeBr.179
2559.748500 0.001000 0.001000 2 46 0 45 84WiDaPeBr.180
2411.244300 0.001000 0.001000 2 46 0 47 84WiDaPeBr.181
2560.241900 0.001000 0.001000 2 47 0 46 84WiDaPeBr.182
2408.586000 0.001000 0.001000 2 47 0 48 84WiDaPeBr.183
2560.700500 0.001000 0.001000 2 48 0 47 84WiDaPeBr.184
2405.903400 0.001000 0.001000 2 48 0 49 84WiDaPeBr.185
2561.137100 0.001000 0.001000 2 49 0 48 84WiDaPeBr.186
2561.550400 0.001000 0.001000 2 50 0 49 84WiDaPeBr.187
2400.471200 0.001000 0.001000 2 50 0 51 84WiDaPeBr.188
2561.936700 0.001000 0.001000 2 51 0 50 84WiDaPeBr.189
2562.306500 0.001000 0.001000 2 52 0 51 84WiDaPeBr.190
2562.638400 0.001000 0.001000 2 53 0 52 84WiDaPeBr.191
2562.954600 0.001000 0.001000 2 54 0 53 84WiDaPeBr.192
2389.352600 0.001000 0.001000 2 54 0 55 84WiDaPeBr.193
2563.243100 0.001000 0.001000 2 55 0 54 84WiDaPeBr.194
2563.509900 0.001000 0.001000 2 56 0 55 84WiDaPeBr.195
2563.742000 0.001000 0.001000 2 57 0 56 84WiDaPeBr.196
2563.955400 0.001000 0.001000 2 58 0 57 84WiDaPeBr.197
2564.141700 0.001000 0.001000 2 59 0 58 84WiDaPeBr.198
2564.305600 0.001000 0.001000 2 60 0 59 84WiDaPeBr.199
2564.453100 0.001000 0.001000 2 61 0 60 84WiDaPeBr.200
2564.554800 0.001000 0.001000 2 62 0 61 84WiDaPeBr.201
2564.647700 0.001000 0.001000 2 63 0 62 84WiDaPeBr.202
2564.710900 0.001000 0.001000 2 64 0 63 84WiDaPeBr.203
2564.749700 0.005000 0.005000 2 66 0 65 84WiDaPeBr.204
1260.418080 0.000230 0.000230 1 0 0 1 87BuLoHaHo.160
1263.622810 0.000230 0.000230 1 1 0 0 87BuLoHaHo.161
1258.798760 0.000230 0.000230 1 1 0 2 87BuLoHaHo.162
1265.207660 0.000230 0.000230 1 2 0 1 87BuLoHaHo.163
1257.167570 0.000230 0.000230 1 2 0 3 87BuLoHaHo.164
1266.780540 0.000230 0.000230 1 3 0 2 87BuLoHaHo.165
1255.525320 0.000230 0.000230 1 3 0 4 87BuLoHaHo.166
1268.342320 0.000230 0.000230 1 4 0 3 87BuLoHaHo.167
1253.871370 0.000230 0.000230 1 4 0 5 87BuLoHaHo.168
1269.892410 0.000230 0.000230 1 5 0 4 87BuLoHaHo.169
1252.205960 0.000230 0.000230 1 5 0 6 87BuLoHaHo.170
1271.430660 0.000230 0.000230 1 6 0 5 87BuLoHaHo.171
1250.528950 0.000230 0.000230 1 6 0 7 87BuLoHaHo.172
1272.957110 0.000230 0.000230 1 7 0 6 87BuLoHaHo.173
1248.840890 0.000230 0.000230 1 7 0 8 87BuLoHaHo.174
1274.471750 0.000230 0.000230 1 8 0 7 87BuLoHaHo.175
1247.141460 0.000230 0.000230 1 8 0 9 87BuLoHaHo.176
1275.974510 0.000230 0.000230 1 9 0 8 87BuLoHaHo.177
1245.431300 0.000230 0.000230 1 9 0 10 87BuLoHaHo.178
1277.465360 0.000230 0.000230 1 10 0 9 87BuLoHaHo.179
1243.709410 0.000230 0.000230 1 10 0 11 87BuLoHaHo.180
1278.944460 0.000230 0.000230 1 11 0 10 87BuLoHaHo.181
1241.976350 0.000230 0.000230 1 11 0 12 87BuLoHaHo.182
1280.412080 0.000230 0.000230 1 12 0 11 87BuLoHaHo.183
1240.231580 0.000230 0.000230 1 12 0 13 87BuLoHaHo.184
1281.867330 0.000230 0.000230 1 13 0 12 87BuLoHaHo.185
1238.476190 0.000230 0.000230 1 13 0 14 87BuLoHaHo.186
1283.310450 0.000230 0.000230 1 14 0 13 87BuLoHaHo.187
1236.710060 0.000230 0.000230 1 14 0 15 87BuLoHaHo.188
1284.741780 0.000230 0.000230 1 15 0 14 87BuLoHaHo.189
1234.931990 0.000230 0.000230 1 15 0 16 87BuLoHaHo.190
1286.161480 0.000230 0.000230 1 16 0 15 87BuLoHaHo.191
1233.143580 0.000230 0.000230 1 16 0 17 87BuLoHaHo.192
1287.568900 0.000230 0.000230 1 17 0 16 87BuLoHaHo.193
1231.343490 0.000230 0.000230 1 17 0 18 87BuLoHaHo.194
1288.964040 0.000230 0.000230 1 18 0 17 87BuLoHaHo.195
1229.532660 0.000230 0.000230 1 18 0 19 87BuLoHaHo.196
1290.347140 0.000230 0.000230 1 19 0 18 87BuLoHaHo.197
1227.711190 0.000230 0.000230 1 19 0 20 87BuLoHaHo.198
1291.717860 0.000230 0.000230 1 20 0 19 87BuLoHaHo.199
1225.878360 0.000230 0.000230 1 20 0 21 87BuLoHaHo.200
1293.076340 0.000230 0.000230 1 21 0 20 87BuLoHaHo.201
1224.035070 0.000230 0.000230 1 21 0 22 87BuLoHaHo.202
1294.423210 0.000230 0.000230 1 22 0 21 87BuLoHaHo.203
1222.180440 0.000230 0.000230 1 22 0 23 87BuLoHaHo.204
1295.757140 0.000230 0.000230 1 23 0 22 87BuLoHaHo.205
1220.314820 0.000230 0.000230 1 23 0 24 87BuLoHaHo.206
1297.079460 0.000230 0.000230 1 24 0 23 87BuLoHaHo.207
1218.438980 0.000230 0.000230 1 24 0 25 87BuLoHaHo.208
1298.389300 0.000230 0.000230 1 25 0 24 87BuLoHaHo.209
1216.552150 0.000230 0.000230 1 25 0 26 87BuLoHaHo.210
1299.686890 0.000230 0.000230 1 26 0 25 87BuLoHaHo.211
1214.654470 0.000230 0.000230 1 26 0 27 87BuLoHaHo.212
1300.971230 0.000230 0.000230 1 27 0 26 87BuLoHaHo.213
1212.746120 0.000230 0.000230 1 27 0 28 87BuLoHaHo.214
1302.244090 0.000230 0.000230 1 28 0 27 87BuLoHaHo.215
1210.826740 0.000230 0.000230 1 28 0 29 87BuLoHaHo.216
1303.504270 0.000230 0.000230 1 29 0 28 87BuLoHaHo.217
1208.897420 0.000230 0.000230 1 29 0 30 87BuLoHaHo.218
1304.751890 0.000230 0.000230 1 30 0 29 87BuLoHaHo.219
1206.955960 0.000230 0.000230 1 30 0 31 87BuLoHaHo.220
1305.986470 0.000230 0.000230 1 31 0 30 87BuLoHaHo.221
1205.005370 0.000230 0.000230 1 31 0 32 87BuLoHaHo.222
1307.209710 0.000230 0.000230 1 32 0 31 87BuLoHaHo.223
1308.419790 0.000230 0.000230 1 33 0 32 87BuLoHaHo.224
1201.072230 0.000230 0.000230 1 33 0 34 87BuLoHaHo.225
1309.616600 0.000230 0.000230 1 34 0 33 87BuLoHaHo.226
1199.089620 0.000230 0.000230 1 34 0 35 87BuLoHaHo.227
1310.802360 0.000230 0.000230 1 35 0 34 87BuLoHaHo.228
1197.096190 0.000230 0.000230 1 35 0 36 87BuLoHaHo.229
