1246.09338000 0.0001000 0.0001000 1 0 0 0 0 0 0 0 0 1 86Toth.1
1248.45815000 0.0001000 0.0001000 1 0 0 0 2 0 0 0 0 1 86Toth.2
1245.29933000 0.0001000 0.0001000 1 0 0 0 1 0 0 0 0 2 86Toth.3
1249.24040000 0.0001000 0.0001000 1 0 0 0 3 0 0 0 0 2 86Toth.4
1244.50224000 0.0001000 0.0001000 1 0 0 0 2 0 0 0 0 3 86Toth.5
1243.70235000 0.0001000 0.0001000 1 0 0 0 3 0 0 0 0 4 86Toth.6
1250.79625000 0.0001000 0.0001000 1 0 0 0 5 0 0 0 0 4 86Toth.7
1242.89953000 0.0001000 0.0001000 1 0 0 0 4 0 0 0 0 5 86Toth.8
1251.56980000 0.0001000 0.0001000 1 0 0 0 6 0 0 0 0 5 86Toth.9
1242.09375000 0.0001000 0.0001000 1 0 0 0 5 0 0 0 0 6 86Toth.10
1252.34033000 0.0001000 0.0001000 1 0 0 0 7 0 0 0 0 6 86Toth.11
1241.28508000 0.0001000 0.0001000 1 0 0 0 6 0 0 0 0 7 86Toth.12
1253.10784000 0.0001000 0.0001000 1 0 0 0 8 0 0 0 0 7 86Toth.13
1240.47355000 0.0001000 0.0001000 1 0 0 0 7 0 0 0 0 8 86Toth.14
1253.87258000 0.0001000 0.0001000 1 0 0 0 9 0 0 0 0 8 86Toth.15
1254.63430000 0.0001000 0.0001000 1 0 0 0 10 0 0 0 0 9 86Toth.16
1238.84172000 0.0001000 0.0001000 1 0 0 0 9 0 0 0 0 10 86Toth.17
1261.35620000 0.0001000 0.0001000 1 0 0 0 19 0 0 0 0 18 86Toth.18
1231.35645000 0.0001000 0.0001000 1 0 0 0 18 0 0 0 0 19 86Toth.19
1230.51045000 0.0001000 0.0001000 1 0 0 0 19 0 0 0 0 20 86Toth.20
1227.95586000 0.0001000 0.0001000 1 0 0 0 22 0 0 0 0 23 86Toth.21
1226.23891000 0.0001000 0.0001000 1 0 0 0 24 0 0 0 0 25 86Toth.22
1225.37622000 0.0001000 0.0001000 1 0 0 0 25 0 0 0 0 26 86Toth.23
1224.51074000 0.0001000 0.0001000 1 0 0 0 26 0 0 0 0 27 86Toth.24
1220.14258000 0.0001000 0.0001000 1 0 0 0 31 0 0 0 0 32 86Toth.25
1218.37631000 0.0001000 0.0001000 1 0 0 0 33 0 0 0 0 34 86Toth.26
1213.91415000 0.0001000 0.0001000 1 0 0 0 38 0 0 0 0 39 86Toth.27
1213.01388000 0.0001000 0.0001000 1 0 0 0 39 0 0 0 0 40 86Toth.28
1212.11094000 0.0001000 0.0001000 1 0 0 0 40 0 0 0 0 41 86Toth.29
1211.20548000 0.0001000 0.0001000 1 0 0 0 41 0 0 0 0 42 86Toth.30
1210.29755000 0.0001000 0.0001000 1 0 0 0 42 0 0 0 0 43 86Toth.31
1209.38690000 0.0001000 0.0001000 1 0 0 0 43 0 0 0 0 44 86Toth.32
1208.47382000 0.0001000 0.0001000 1 0 0 0 44 0 0 0 0 45 86Toth.33
1206.64018000 0.0001000 0.0001000 1 0 0 0 46 0 0 0 0 47 86Toth.34
1204.79649000 0.0001000 0.0001000 1 0 0 0 48 0 0 0 0 49 86Toth.35
1203.87098000 0.0001000 0.0001000 1 0 0 0 49 0 0 0 0 50 86Toth.36
1202.94327000 0.0001000 0.0001000 1 0 0 0 50 0 0 0 0 51 86Toth.37
1202.01286000 0.0001000 0.0001000 1 0 0 0 51 0 0 0 0 52 86Toth.38
1199.20767000 0.0001000 0.0001000 1 0 0 0 54 0 0 0 0 55 86Toth.39
1198.26800000 0.0001000 0.0001000 1 0 0 0 55 0 0 0 0 56 86Toth.40
1196.38172000 0.0001000 0.0001000 1 0 0 0 57 0 0 0 0 58 86Toth.41
1194.48661000 0.0001000 0.0001000 1 0 0 0 59 0 0 0 0 60 86Toth.42
1292.03446000 0.0001000 0.0001000 1 0 0 0 65 0 0 0 0 64 86Toth.43
1292.63671000 0.0001000 0.0001000 1 0 0 0 66 0 0 0 0 65 86Toth.44
1186.82023000 0.0001000 0.0001000 1 0 0 0 67 0 0 0 0 68 86Toth.45
1295.02062000 0.0001000 0.0001000 1 0 0 0 70 0 0 0 0 69 86Toth.46
1184.88273000 0.0001000 0.0001000 1 0 0 0 69 0 0 0 0 70 86Toth.47
1156.72641000 0.0001000 0.0001000 0 2 0 0 2 0 0 0 0 1 86Toth.48
1157.52188000 0.0001000 0.0001000 0 2 0 0 3 0 0 0 0 2 86Toth.49
1158.31851000 0.0001000 0.0001000 0 2 0 0 4 0 0 0 0 3 86Toth.50
1160.71686000 0.0001000 0.0001000 0 2 0 0 7 0 0 0 0 6 86Toth.51
1148.85015000 0.0001000 0.0001000 0 2 0 0 7 0 0 0 0 8 86Toth.52
1162.32256000 0.0001000 0.0001000 0 2 0 0 9 0 0 0 0 8 86Toth.53
1146.51450000 0.0001000 0.0001000 0 2 0 0 10 0 0 0 0 11 86Toth.54
1164.74080000 0.0001000 0.0001000 0 2 0 0 12 0 0 0 0 11 86Toth.55
1145.73873000 0.0001000 0.0001000 0 2 0 0 11 0 0 0 0 12 86Toth.56
1165.54946000 0.0001000 0.0001000 0 2 0 0 13 0 0 0 0 12 86Toth.57
1144.96435000 0.0001000 0.0001000 0 2 0 0 12 0 0 0 0 13 86Toth.58
1166.35934000 0.0001000 0.0001000 0 2 0 0 14 0 0 0 0 13 86Toth.59
1144.19132000 0.0001000 0.0001000 0 2 0 0 13 0 0 0 0 14 86Toth.60
1167.17048000 0.0001000 0.0001000 0 2 0 0 15 0 0 0 0 14 86Toth.61
1143.41971000 0.0001000 0.0001000 0 2 0 0 14 0 0 0 0 15 86Toth.62
1142.64935000 0.0001000 0.0001000 0 2 0 0 15 0 0 0 0 16 86Toth.63
1171.24385000 0.0001000 0.0001000 0 2 0 0 20 0 0 0 0 19 86Toth.64
1172.06188000 0.0001000 0.0001000 0 2 0 0 21 0 0 0 0 20 86Toth.65
1138.05477000 0.0001000 0.0001000 0 2 0 0 21 0 0 0 0 22 86Toth.66
1173.70113000 0.0001000 0.0001000 0 2 0 0 23 0 0 0 0 22 86Toth.67
1174.52240000 0.0001000 0.0001000 0 2 0 0 24 0 0 0 0 23 86Toth.68
1175.34440000 0.0001000 0.0001000 0 2 0 0 25 0 0 0 0 24 86Toth.69
1176.16754000 0.0001000 0.0001000 0 2 0 0 26 0 0 0 0 25 86Toth.70
1176.99156000 0.0001000 0.0001000 0 2 0 0 27 0 0 0 0 26 86Toth.71
1177.81647000 0.0001000 0.0001000 0 2 0 0 28 0 0 0 0 27 86Toth.72
1178.64224000 0.0001000 0.0001000 0 2 0 0 29 0 0 0 0 28 86Toth.73
1179.46883000 0.0001000 0.0001000 0 2 0 0 30 0 0 0 0 29 86Toth.74
1180.29620000 0.0001000 0.0001000 0 2 0 0 31 0 0 0 0 30 86Toth.75
1181.12435000 0.0001000 0.0001000 0 2 0 0 32 0 0 0 0 31 86Toth.76
1181.95320000 0.0001000 0.0001000 0 2 0 0 33 0 0 0 0 32 86Toth.77
1129.74278000 0.0001000 0.0001000 0 2 0 0 32 0 0 0 0 33 86Toth.78
1182.78277000 0.0001000 0.0001000 0 2 0 0 34 0 0 0 0 33 86Toth.79
1183.61300000 0.0001000 0.0001000 0 2 0 0 35 0 0 0 0 34 86Toth.80
1126.75101000 0.0001000 0.0001000 0 2 0 0 36 0 0 0 0 37 86Toth.81
1186.10706000 0.0001000 0.0001000 0 2 0 0 38 0 0 0 0 37 86Toth.82
1126.00520000 0.0001000 0.0001000 0 2 0 0 37 0 0 0 0 38 86Toth.83
1186.93942000 0.0001000 0.0001000 0 2 0 0 39 0 0 0 0 38 86Toth.84
1125.26034000 0.0001000 0.0001000 0 2 0 0 38 0 0 0 0 39 86Toth.85
1187.77227000 0.0001000 0.0001000 0 2 0 0 40 0 0 0 0 39 86Toth.86
1124.51626000 0.0001000 0.0001000 0 2 0 0 39 0 0 0 0 40 86Toth.87
1188.60553000 0.0001000 0.0001000 0 2 0 0 41 0 0 0 0 40 86Toth.88
1123.77283000 0.0001000 0.0001000 0 2 0 0 40 0 0 0 0 41 86Toth.89
1189.43922000 0.0001000 0.0001000 0 2 0 0 42 0 0 0 0 41 86Toth.90
1123.03023000 0.0001000 0.0001000 0 2 0 0 41 0 0 0 0 42 86Toth.91
1190.27318000 0.0001000 0.0001000 0 2 0 0 43 0 0 0 0 42 86Toth.92
1122.28829000 0.0001000 0.0001000 0 2 0 0 42 0 0 0 0 43 86Toth.93
1191.10738000 0.0001000 0.0001000 0 2 0 0 44 0 0 0 0 43 86Toth.94
1191.94199000 0.0001000 0.0001000 0 2 0 0 45 0 0 0 0 44 86Toth.95
1120.80634000 0.0001000 0.0001000 0 2 0 0 44 0 0 0 0 45 86Toth.96
1192.77673000 0.0001000 0.0001000 0 2 0 0 46 0 0 0 0 45 86Toth.97
1193.61166000 0.0001000 0.0001000 0 2 0 0 47 0 0 0 0 46 86Toth.98
1119.32666000 0.0001000 0.0001000 0 2 0 0 46 0 0 0 0 47 86Toth.99
1194.44673000 0.0001000 0.0001000 0 2 0 0 48 0 0 0 0 47 86Toth.100
1195.28180000 0.0001000 0.0001000 0 2 0 0 49 0 0 0 0 48 86Toth.101
1117.84911000 0.0001000 0.0001000 0 2 0 0 48 0 0 0 0 49 86Toth.102
1196.11730000 0.0001000 0.0001000 0 2 0 0 50 0 0 0 0 49 86Toth.103
1117.11101000 0.0001000 0.0001000 0 2 0 0 49 0 0 0 0 50 86Toth.104
1198.62250000 0.0001000 0.0001000 0 2 0 0 53 0 0 0 0 52 86Toth.105
1114.89923000 0.0001000 0.0001000 0 2 0 0 52 0 0 0 0 53 86Toth.106
1199.45715000 0.0001000 0.0001000 0 2 0 0 54 0 0 0 0 53 86Toth.107
1114.16278000 0.0001000 0.0001000 0 2 0 0 53 0 0 0 0 54 86Toth.108
1200.29200000 0.0001000 0.0001000 0 2 0 0 55 0 0 0 0 54 86Toth.109
1113.42634000 0.0001000 0.0001000 0 2 0 0 54 0 0 0 0 55 86Toth.110
1112.69010000 0.0001000 0.0001000 0 2 0 0 55 0 0 0 0 56 86Toth.111
1111.95420000 0.0001000 0.0001000 0 2 0 0 56 0 0 0 0 57 86Toth.112
1202.79470000 0.0001000 0.0001000 0 2 0 0 58 0 0 0 0 57 86Toth.113
1111.21898000 0.0001000 0.0001000 0 2 0 0 57 0 0 0 0 58 86Toth.114
1204.46158000 0.0001000 0.0001000 0 2 0 0 60 0 0 0 0 59 86Toth.115
1109.01208000 0.0001000 0.0001000 0 2 0 0 60 0 0 0 0 61 86Toth.116
2412.29589000 0.0001000 0.0001000 1 2 0 0 1 0 0 0 0 0 91Toth.1
2491.97270000 0.0001000 0.0001000 2 0 0 0 1 0 0 0 0 0 91Toth.2
3345.18960000 0.0001000 0.0001000 0 2 0 1 1 0 0 0 0 0 91Toth.3
2413.08329000 0.0001000 0.0001000 1 2 0 0 2 0 0 0 0 1 91Toth.4
2410.71559000 0.0001000 0.0001000 1 2 0 0 0 0 0 0 0 1 91Toth.5
2492.75344000 0.0001000 0.0001000 2 0 0 0 2 0 0 0 0 1 91Toth.6
2490.39584000 0.0001000 0.0001000 2 0 0 0 0 0 0 0 0 1 91Toth.7
3343.61250000 0.0001000 0.0001000 0 2 0 1 0 0 0 0 0 1 91Toth.8
2409.92254000 0.0001000 0.0001000 1 2 0 0 1 0 0 0 0 2 91Toth.9
2493.52864000 0.0001000 0.0001000 2 0 0 0 3 0 0 0 0 2 91Toth.10
2489.59950000 0.0001000 0.0001000 2 0 0 0 1 0 0 0 0 2 91Toth.11
3342.81620000 0.0001000 0.0001000 0 2 0 1 1 0 0 0 0 2 91Toth.12
2414.65206000 0.0001000 0.0001000 1 2 0 0 4 0 0 0 0 3 91Toth.13
2409.12739000 0.0001000 0.0001000 1 2 0 0 2 0 0 0 0 3 91Toth.14
2494.29854000 0.0001000 0.0001000 2 0 0 0 4 0 0 0 0 3 91Toth.15
2488.79740000 0.0001000 0.0001000 2 0 0 0 2 0 0 0 0 3 91Toth.16
3347.51890000 0.0001000 0.0001000 0 2 0 1 4 0 0 0 0 3 91Toth.17
3342.01500000 0.0001000 0.0001000 0 2 0 1 2 0 0 0 0 3 91Toth.18
2415.43324000 0.0001000 0.0001000 1 2 0 0 5 0 0 0 0 4 91Toth.19
2408.33020000 0.0001000 0.0001000 1 2 0 0 3 0 0 0 0 4 91Toth.20
2495.06320000 0.0001000 0.0001000 2 0 0 0 5 0 0 0 0 4 91Toth.21
2487.99065000 0.0001000 0.0001000 2 0 0 0 3 0 0 0 0 4 91Toth.22
3348.28540000 0.0001000 0.0001000 0 2 0 1 5 0 0 0 0 4 91Toth.23
2416.21274000 0.0001000 0.0001000 1 2 0 0 6 0 0 0 0 5 91Toth.24
2407.53130000 0.0001000 0.0001000 1 2 0 0 4 0 0 0 0 5 91Toth.25
2495.82234000 0.0001000 0.0001000 2 0 0 0 6 0 0 0 0 5 91Toth.26
2487.17829000 0.0001000 0.0001000 2 0 0 0 4 0 0 0 0 5 91Toth.27
2416.99014000 0.0001000 0.0001000 1 2 0 0 7 0 0 0 0 6 91Toth.28
2406.73078000 0.0001000 0.0001000 1 2 0 0 5 0 0 0 0 6 91Toth.29
2496.57637000 0.0001000 0.0001000 2 0 0 0 7 0 0 0 0 6 91Toth.30
2486.36075000 0.0001000 0.0001000 2 0 0 0 5 0 0 0 0 6 91Toth.31
3349.80270000 0.0001000 0.0001000 0 2 0 1 7 0 0 0 0 6 91Toth.32
2417.76566000 0.0001000 0.0001000 1 2 0 0 8 0 0 0 0 7 91Toth.33
2405.92809000 0.0001000 0.0001000 1 2 0 0 6 0 0 0 0 7 91Toth.34
2497.32521000 0.0001000 0.0001000 2 0 0 0 8 0 0 0 0 7 91Toth.35
3350.55400000 0.0001000 0.0001000 0 2 0 1 8 0 0 0 0 7 91Toth.36
3338.76184000 0.0001000 0.0001000 0 2 0 1 6 0 0 0 0 7 91Toth.37
2418.53920000 0.0001000 0.0001000 1 2 0 0 9 0 0 0 0 8 91Toth.38
2405.12331000 0.0001000 0.0001000 1 2 0 0 7 0 0 0 0 8 91Toth.39
2498.06851000 0.0001000 0.0001000 2 0 0 0 9 0 0 0 0 8 91Toth.40
3351.30100000 0.0001000 0.0001000 0 2 0 1 9 0 0 0 0 8 91Toth.41
3337.93607000 0.0001000 0.0001000 0 2 0 1 7 0 0 0 0 8 91Toth.42
2419.31044000 0.0001000 0.0001000 1 2 0 0 10 0 0 0 0 9 91Toth.43
2404.31664000 0.0001000 0.0001000 1 2 0 0 8 0 0 0 0 9 91Toth.44
2498.80654000 0.0001000 0.0001000 2 0 0 0 10 0 0 0 0 9 91Toth.45
2483.87626000 0.0001000 0.0001000 2 0 0 0 8 0 0 0 0 9 91Toth.46
3337.10564000 0.0001000 0.0001000 0 2 0 1 8 0 0 0 0 9 91Toth.47
2420.07989000 0.0001000 0.0001000 1 2 0 0 11 0 0 0 0 10 91Toth.48
2403.50808000 0.0001000 0.0001000 1 2 0 0 9 0 0 0 0 10 91Toth.49
2499.53924000 0.0001000 0.0001000 2 0 0 0 11 0 0 0 0 10 91Toth.50
2483.03740000 0.0001000 0.0001000 2 0 0 0 9 0 0 0 0 10 91Toth.51
3352.77895000 0.0001000 0.0001000 0 2 0 1 11 0 0 0 0 10 91Toth.52
2420.84680000 0.0001000 0.0001000 1 2 0 0 12 0 0 0 0 11 91Toth.53
2402.69762000 0.0001000 0.0001000 1 2 0 0 10 0 0 0 0 11 91Toth.54
2500.26674000 0.0001000 0.0001000 2 0 0 0 12 0 0 0 0 11 91Toth.55
2482.19380000 0.0001000 0.0001000 2 0 0 0 10 0 0 0 0 11 91Toth.56
3353.51040000 0.0001000 0.0001000 0 2 0 1 12 0 0 0 0 11 91Toth.57
2421.61249000 0.0001000 0.0001000 1 2 0 0 13 0 0 0 0 12 91Toth.58
2401.88512000 0.0001000 0.0001000 1 2 0 0 11 0 0 0 0 12 91Toth.59
2500.98909000 0.0001000 0.0001000 2 0 0 0 13 0 0 0 0 12 91Toth.60
2481.34471000 0.0001000 0.0001000 2 0 0 0 11 0 0 0 0 12 91Toth.61
3354.23630000 0.0001000 0.0001000 0 2 0 1 13 0 0 0 0 12 91Toth.62
3334.58400000 0.0001000 0.0001000 0 2 0 1 11 0 0 0 0 12 91Toth.63
2401.07064000 0.0001000 0.0001000 1 2 0 0 12 0 0 0 0 13 91Toth.64
2501.70594000 0.0001000 0.0001000 2 0 0 0 14 0 0 0 0 13 91Toth.65
2480.49039000 0.0001000 0.0001000 2 0 0 0 12 0 0 0 0 13 91Toth.66
3354.95750000 0.0001000 0.0001000 0 2 0 1 14 0 0 0 0 13 91Toth.67
3333.73361000 0.0001000 0.0001000 0 2 0 1 12 0 0 0 0 13 91Toth.68
2423.13659000 0.0001000 0.0001000 1 2 0 0 15 0 0 0 0 14 91Toth.69
2400.25420000 0.0001000 0.0001000 1 2 0 0 13 0 0 0 0 14 91Toth.70
2502.41754000 0.0001000 0.0001000 2 0 0 0 15 0 0 0 0 14 91Toth.71
3355.67333000 0.0001000 0.0001000 0 2 0 1 15 0 0 0 0 14 91Toth.72
3332.87820000 0.0001000 0.0001000 0 2 0 1 13 0 0 0 0 14 91Toth.73
2423.89566000 0.0001000 0.0001000 1 2 0 0 16 0 0 0 0 15 91Toth.74
2399.43591000 0.0001000 0.0001000 1 2 0 0 14 0 0 0 0 15 91Toth.75
2503.12385000 0.0001000 0.0001000 2 0 0 0 16 0 0 0 0 15 91Toth.76
2478.76630000 0.0001000 0.0001000 2 0 0 0 14 0 0 0 0 15 91Toth.77
3356.38420000 0.0001000 0.0001000 0 2 0 1 16 0 0 0 0 15 91Toth.78
3332.01769000 0.0001000 0.0001000 0 2 0 1 14 0 0 0 0 15 91Toth.79
2398.61550000 0.0001000 0.0001000 1 2 0 0 15 0 0 0 0 16 91Toth.80
2503.82492000 0.0001000 0.0001000 2 0 0 0 17 0 0 0 0 16 91Toth.81
2477.89646000 0.0001000 0.0001000 2 0 0 0 15 0 0 0 0 16 91Toth.82
3357.09030000 0.0001000 0.0001000 0 2 0 1 17 0 0 0 0 16 91Toth.83
2397.79308000 0.0001000 0.0001000 1 2 0 0 16 0 0 0 0 17 91Toth.84
2504.52059000 0.0001000 0.0001000 2 0 0 0 18 0 0 0 0 17 91Toth.85
2477.02143000 0.0001000 0.0001000 2 0 0 0 16 0 0 0 0 17 91Toth.86
3357.79066000 0.0001000 0.0001000 0 2 0 1 18 0 0 0 0 17 91Toth.87
3330.28185000 0.0001000 0.0001000 0 2 0 1 16 0 0 0 0 17 91Toth.88
2426.15949000 0.0001000 0.0001000 1 2 0 0 19 0 0 0 0 18 91Toth.89
2396.96868000 0.0001000 0.0001000 1 2 0 0 17 0 0 0 0 18 91Toth.90
2505.21124000 0.0001000 0.0001000 2 0 0 0 19 0 0 0 0 18 91Toth.91
2476.14119000 0.0001000 0.0001000 2 0 0 0 17 0 0 0 0 18 91Toth.92
3358.48632000 0.0001000 0.0001000 0 2 0 1 19 0 0 0 0 18 91Toth.93
2426.90976000 0.0001000 0.0001000 1 2 0 0 20 0 0 0 0 19 91Toth.94
2396.14222000 0.0001000 0.0001000 1 2 0 0 18 0 0 0 0 19 91Toth.95
2505.89661000 0.0001000 0.0001000 2 0 0 0 20 0 0 0 0 19 91Toth.96
2475.25606000 0.0001000 0.0001000 2 0 0 0 18 0 0 0 0 19 91Toth.97
3359.17619000 0.0001000 0.0001000 0 2 0 1 20 0 0 0 0 19 91Toth.98
2395.31377000 0.0001000 0.0001000 1 2 0 0 19 0 0 0 0 20 91Toth.99
2506.57671000 0.0001000 0.0001000 2 0 0 0 21 0 0 0 0 20 91Toth.100
3359.86150000 0.0001000 0.0001000 0 2 0 1 21 0 0 0 0 20 91Toth.101
3327.64047000 0.0001000 0.0001000 0 2 0 1 19 0 0 0 0 20 91Toth.102
2428.40334000 0.0001000 0.0001000 1 2 0 0 22 0 0 0 0 21 91Toth.103
2394.48313000 0.0001000 0.0001000 1 2 0 0 20 0 0 0 0 21 91Toth.104
2507.25154000 0.0001000 0.0001000 2 0 0 0 22 0 0 0 0 21 91Toth.105
2473.47019000 0.0001000 0.0001000 2 0 0 0 20 0 0 0 0 21 91Toth.106
2393.65051000 0.0001000 0.0001000 1 2 0 0 21 0 0 0 0 22 91Toth.107
2507.92139000 0.0001000 0.0001000 2 0 0 0 23 0 0 0 0 22 91Toth.108
2472.56980000 0.0001000 0.0001000 2 0 0 0 21 0 0 0 0 22 91Toth.109
3361.21514000 0.0001000 0.0001000 0 2 0 1 23 0 0 0 0 22 91Toth.110
3325.85422000 0.0001000 0.0001000 0 2 0 1 21 0 0 0 0 22 91Toth.111
2392.81581000 0.0001000 0.0001000 1 2 0 0 22 0 0 0 0 23 91Toth.112
2508.58584000 0.0001000 0.0001000 2 0 0 0 24 0 0 0 0 23 91Toth.113
2471.66422000 0.0001000 0.0001000 2 0 0 0 22 0 0 0 0 23 91Toth.114
3361.88440000 0.0001000 0.0001000 0 2 0 1 24 0 0 0 0 23 91Toth.115
3324.95330000 0.0001000 0.0001000 0 2 0 1 22 0 0 0 0 23 91Toth.116
2391.97889000 0.0001000 0.0001000 1 2 0 0 23 0 0 0 0 24 91Toth.117
2470.75354000 0.0001000 0.0001000 2 0 0 0 23 0 0 0 0 24 91Toth.118
3362.54797000 0.0001000 0.0001000 0 2 0 1 25 0 0 0 0 24 91Toth.119
3324.04740000 0.0001000 0.0001000 0 2 0 1 23 0 0 0 0 24 91Toth.120
2431.36307000 0.0001000 0.0001000 1 2 0 0 26 0 0 0 0 25 91Toth.121
2391.13984000 0.0001000 0.0001000 1 2 0 0 24 0 0 0 0 25 91Toth.122
2509.89962000 0.0001000 0.0001000 2 0 0 0 26 0 0 0 0 25 91Toth.123
2469.83792000 0.0001000 0.0001000 2 0 0 0 24 0 0 0 0 25 91Toth.124
3363.20619000 0.0001000 0.0001000 0 2 0 1 26 0 0 0 0 25 91Toth.125
3323.13625000 0.0001000 0.0001000 0 2 0 1 24 0 0 0 0 25 91Toth.126
2390.29870000 0.0001000 0.0001000 1 2 0 0 25 0 0 0 0 26 91Toth.127
2468.91754000 0.0001000 0.0001000 2 0 0 0 25 0 0 0 0 26 91Toth.128
3363.85908000 0.0001000 0.0001000 0 2 0 1 27 0 0 0 0 26 91Toth.129
3322.22020000 0.0001000 0.0001000 0 2 0 1 25 0 0 0 0 26 91Toth.130
2432.82844000 0.0001000 0.0001000 1 2 0 0 28 0 0 0 0 27 91Toth.131
2389.45532000 0.0001000 0.0001000 1 2 0 0 26 0 0 0 0 27 91Toth.132
2511.19266000 0.0001000 0.0001000 2 0 0 0 28 0 0 0 0 27 91Toth.133
2467.99194000 0.0001000 0.0001000 2 0 0 0 26 0 0 0 0 27 91Toth.134
3364.50639000 0.0001000 0.0001000 0 2 0 1 28 0 0 0 0 27 91Toth.135
3321.29854000 0.0001000 0.0001000 0 2 0 1 26 0 0 0 0 27 91Toth.136
2433.55748000 0.0001000 0.0001000 1 2 0 0 29 0 0 0 0 28 91Toth.137
2388.60976000 0.0001000 0.0001000 1 2 0 0 27 0 0 0 0 28 91Toth.138
2511.83164000 0.0001000 0.0001000 2 0 0 0 29 0 0 0 0 28 91Toth.139
2467.06146000 0.0001000 0.0001000 2 0 0 0 27 0 0 0 0 28 91Toth.140
2387.76194000 0.0001000 0.0001000 1 2 0 0 28 0 0 0 0 29 91Toth.141
2466.12606000 0.0001000 0.0001000 2 0 0 0 28 0 0 0 0 29 91Toth.142
3365.78500000 0.0001000 0.0001000 0 2 0 1 30 0 0 0 0 29 91Toth.143
3319.44010000 0.0001000 0.0001000 0 2 0 1 28 0 0 0 0 29 91Toth.144
2435.00820000 0.0001000 0.0001000 1 2 0 0 31 0 0 0 0 30 91Toth.145
2386.91187000 0.0001000 0.0001000 1 2 0 0 29 0 0 0 0 30 91Toth.146
2513.09415000 0.0001000 0.0001000 2 0 0 0 31 0 0 0 0 30 91Toth.147
2465.18592000 0.0001000 0.0001000 2 0 0 0 29 0 0 0 0 30 91Toth.148
3366.41557000 0.0001000 0.0001000 0 2 0 1 31 0 0 0 0 30 91Toth.149
2435.72964000 0.0001000 0.0001000 1 2 0 0 32 0 0 0 0 31 91Toth.150
2386.05953000 0.0001000 0.0001000 1 2 0 0 30 0 0 0 0 31 91Toth.151
2513.71804000 0.0001000 0.0001000 2 0 0 0 32 0 0 0 0 31 91Toth.152
2464.24092000 0.0001000 0.0001000 2 0 0 0 30 0 0 0 0 31 91Toth.153
3367.04080000 0.0001000 0.0001000 0 2 0 1 32 0 0 0 0 31 91Toth.154
3317.56030000 0.0001000 0.0001000 0 2 0 1 30 0 0 0 0 31 91Toth.155
2385.20496000 0.0001000 0.0001000 1 2 0 0 31 0 0 0 0 32 91Toth.156
2514.33686000 0.0001000 0.0001000 2 0 0 0 33 0 0 0 0 32 91Toth.157
2437.16450000 0.0001000 0.0001000 1 2 0 0 34 0 0 0 0 33 91Toth.158
2384.34801000 0.0001000 0.0001000 1 2 0 0 32 0 0 0 0 33 91Toth.159
2514.95055000 0.0001000 0.0001000 2 0 0 0 34 0 0 0 0 33 91Toth.160
2462.33620000 0.0001000 0.0001000 2 0 0 0 32 0 0 0 0 33 91Toth.161
2437.87790000 0.0001000 0.0001000 1 2 0 0 35 0 0 0 0 34 91Toth.162
2383.48863000 0.0001000 0.0001000 1 2 0 0 33 0 0 0 0 34 91Toth.163
2515.55960000 0.0001000 0.0001000 2 0 0 0 35 0 0 0 0 34 91Toth.164
2461.37706000 0.0001000 0.0001000 2 0 0 0 33 0 0 0 0 34 91Toth.165
3368.88280000 0.0001000 0.0001000 0 2 0 1 35 0 0 0 0 34 91Toth.166
3314.70110000 0.0001000 0.0001000 0 2 0 1 33 0 0 0 0 34 91Toth.167
2438.58890000 0.0001000 0.0001000 1 2 0 0 36 0 0 0 0 35 91Toth.168
2382.62694000 0.0001000 0.0001000 1 2 0 0 34 0 0 0 0 35 91Toth.169
2516.16344000 0.0001000 0.0001000 2 0 0 0 36 0 0 0 0 35 91Toth.170
2460.41281000 0.0001000 0.0001000 2 0 0 0 34 0 0 0 0 35 91Toth.171
3369.48543000 0.0001000 0.0001000 0 2 0 1 36 0 0 0 0 35 91Toth.172
3313.73700000 0.0001000 0.0001000 0 2 0 1 34 0 0 0 0 35 91Toth.173
2439.29739000 0.0001000 0.0001000 1 2 0 0 37 0 0 0 0 36 91Toth.174
2381.76284000 0.0001000 0.0001000 1 2 0 0 35 0 0 0 0 36 91Toth.175
3370.08230000 0.0001000 0.0001000 0 2 0 1 37 0 0 0 0 36 91Toth.176
2440.00260000 0.0001000 0.0001000 1 2 0 0 38 0 0 0 0 37 91Toth.177
2380.89642000 0.0001000 0.0001000 1 2 0 0 36 0 0 0 0 37 91Toth.178
2517.35666000 0.0001000 0.0001000 2 0 0 0 38 0 0 0 0 37 91Toth.179
2458.47066000 0.0001000 0.0001000 2 0 0 0 36 0 0 0 0 37 91Toth.180
3370.67310000 0.0001000 0.0001000 0 2 0 1 38 0 0 0 0 37 91Toth.181
3311.79250000 0.0001000 0.0001000 0 2 0 1 36 0 0 0 0 37 91Toth.182
2380.02728000 0.0001000 0.0001000 1 2 0 0 37 0 0 0 0 38 91Toth.183
2517.94599000 0.0001000 0.0001000 2 0 0 0 39 0 0 0 0 38 91Toth.184
3371.25880000 0.0001000 0.0001000 0 2 0 1 39 0 0 0 0 38 91Toth.185
3310.81260000 0.0001000 0.0001000 0 2 0 1 37 0 0 0 0 38 91Toth.186
2379.15584000 0.0001000 0.0001000 1 2 0 0 38 0 0 0 0 39 91Toth.187
2518.53060000 0.0001000 0.0001000 2 0 0 0 40 0 0 0 0 39 91Toth.188
2442.10128000 0.0001000 0.0001000 1 2 0 0 41 0 0 0 0 40 91Toth.189
2378.28177000 0.0001000 0.0001000 1 2 0 0 39 0 0 0 0 40 91Toth.190
2519.11042000 0.0001000 0.0001000 2 0 0 0 41 0 0 0 0 40 91Toth.191
2455.52280000 0.0001000 0.0001000 2 0 0 0 39 0 0 0 0 40 91Toth.192
3308.83520000 0.0001000 0.0001000 0 2 0 1 39 0 0 0 0 40 91Toth.193
2377.40527000 0.0001000 0.0001000 1 2 0 0 40 0 0 0 0 41 91Toth.194
2454.53090000 0.0001000 0.0001000 2 0 0 0 40 0 0 0 0 41 91Toth.195
3372.97870000 0.0001000 0.0001000 0 2 0 1 42 0 0 0 0 41 91Toth.196
2443.48586000 0.0001000 0.0001000 1 2 0 0 43 0 0 0 0 42 91Toth.197
2376.52560000 0.0001000 0.0001000 1 2 0 0 41 0 0 0 0 42 91Toth.198
2520.25592000 0.0001000 0.0001000 2 0 0 0 43 0 0 0 0 42 91Toth.199
2444.17354000 0.0001000 0.0001000 1 2 0 0 44 0 0 0 0 43 91Toth.200
2375.64370000 0.0001000 0.0001000 1 2 0 0 42 0 0 0 0 43 91Toth.201
2520.82140000 0.0001000 0.0001000 2 0 0 0 44 0 0 0 0 43 91Toth.202
2452.53460000 0.0001000 0.0001000 2 0 0 0 42 0 0 0 0 43 91Toth.203
3374.09518000 0.0001000 0.0001000 0 2 0 1 44 0 0 0 0 43 91Toth.204
3305.82740000 0.0001000 0.0001000 0 2 0 1 42 0 0 0 0 43 91Toth.205
2444.85810000 0.0001000 0.0001000 1 2 0 0 45 0 0 0 0 44 91Toth.206
3374.64410000 0.0001000 0.0001000 0 2 0 1 45 0 0 0 0 44 91Toth.207
3304.81370000 0.0001000 0.0001000 0 2 0 1 43 0 0 0 0 44 91Toth.208
2445.53954000 0.0001000 0.0001000 1 2 0 0 46 0 0 0 0 45 91Toth.209
2521.93934000 0.0001000 0.0001000 2 0 0 0 46 0 0 0 0 45 91Toth.210
2450.52054000 0.0001000 0.0001000 2 0 0 0 44 0 0 0 0 45 91Toth.211
2372.98234000 0.0001000 0.0001000 1 2 0 0 45 0 0 0 0 46 91Toth.212
2449.50697000 0.0001000 0.0001000 2 0 0 0 45 0 0 0 0 46 91Toth.213
3375.72462000 0.0001000 0.0001000 0 2 0 1 47 0 0 0 0 46 91Toth.214
3301.73700000 0.0001000 0.0001000 0 2 0 1 46 0 0 0 0 47 91Toth.215
2447.56564000 0.0001000 0.0001000 1 2 0 0 49 0 0 0 0 48 91Toth.216
2371.19414000 0.0001000 0.0001000 1 2 0 0 47 0 0 0 0 48 91Toth.217
2523.58236000 0.0001000 0.0001000 2 0 0 0 49 0 0 0 0 48 91Toth.218
2447.46720000 0.0001000 0.0001000 2 0 0 0 47 0 0 0 0 48 91Toth.219
3376.78040000 0.0001000 0.0001000 0 2 0 1 49 0 0 0 0 48 91Toth.220
2448.23424000 0.0001000 0.0001000 1 2 0 0 50 0 0 0 0 49 91Toth.221
2524.12130000 0.0001000 0.0001000 2 0 0 0 50 0 0 0 0 49 91Toth.222
2446.44169000 0.0001000 0.0001000 2 0 0 0 48 0 0 0 0 49 91Toth.223
3299.65760000 0.0001000 0.0001000 0 2 0 1 48 0 0 0 0 49 91Toth.224
2524.65590000 0.0001000 0.0001000 2 0 0 0 51 0 0 0 0 50 91Toth.225
2445.41150000 0.0001000 0.0001000 2 0 0 0 49 0 0 0 0 50 91Toth.226
2449.56159000 0.0001000 0.0001000 1 2 0 0 52 0 0 0 0 51 91Toth.227
2525.18598000 0.0001000 0.0001000 2 0 0 0 52 0 0 0 0 51 91Toth.228
2444.37744000 0.0001000 0.0001000 2 0 0 0 50 0 0 0 0 51 91Toth.229
2450.22030000 0.0001000 0.0001000 1 2 0 0 53 0 0 0 0 52 91Toth.230
2525.71173000 0.0001000 0.0001000 2 0 0 0 53 0 0 0 0 52 91Toth.231
2443.33959000 0.0001000 0.0001000 2 0 0 0 51 0 0 0 0 52 91Toth.232
2450.87536000 0.0001000 0.0001000 1 2 0 0 54 0 0 0 0 53 91Toth.233
2526.23368000 0.0001000 0.0001000 2 0 0 0 54 0 0 0 0 53 91Toth.234
2526.75134000 0.0001000 0.0001000 2 0 0 0 55 0 0 0 0 54 91Toth.235
2527.26520000 0.0001000 0.0001000 2 0 0 0 56 0 0 0 0 55 91Toth.236
2440.20280000 0.0001000 0.0001000 2 0 0 0 54 0 0 0 0 55 91Toth.237
2452.82020000 0.0001000 0.0001000 1 2 0 0 57 0 0 0 0 56 91Toth.238
2438.09320000 0.0001000 0.0001000 2 0 0 0 56 0 0 0 0 57 91Toth.239
2454.09800000 0.0001000 0.0001000 1 2 0 0 59 0 0 0 0 58 91Toth.240
2528.78256000 0.0001000 0.0001000 2 0 0 0 59 0 0 0 0 58 91Toth.241
2437.03280000 0.0001000 0.0001000 2 0 0 0 57 0 0 0 0 58 91Toth.242
2454.73150000 0.0001000 0.0001000 1 2 0 0 60 0 0 0 0 59 91Toth.243
2529.28040000 0.0001000 0.0001000 2 0 0 0 60 0 0 0 0 59 91Toth.244
2529.77500000 0.0001000 0.0001000 2 0 0 0 61 0 0 0 0 60 91Toth.245
2434.90190000 0.0001000 0.0001000 2 0 0 0 59 0 0 0 0 60 91Toth.246
2433.83140000 0.0001000 0.0001000 2 0 0 0 60 0 0 0 0 61 91Toth.247
